0	1000	1000
1	1000	1000
2	1000	1000
3	1000	1000
4	1000	1000
5	1000	1000
6	1000	1000
7	1000	1000
8	1000	1000
9	1000	1000
10	1000	1000
11	1000	1000
12	1000	1000
13	1000	1000
14	1000	1000
15	1000	1000
16	1000	1000
17	1000	1000
18	1000	1000
19	1000	1000
20	1000	1000
21	1000	1000
22	1000	1000
23	1000	1000
24	1000	1000
25	1000	1000
26	1000	1000
27	1000	1000
28	1000	1000
29	1000	1000
30	1000	1000
31	1000	1000
32	1000	1000
33	1000	1000
34	1000	1000
35	1000	1000
36	1000	1000
37	1000	1000
38	1000	1000
39	1000	1000
40	1000	1000
41	1000	1000
42	1000	1000
43	1000	1000
44	1000	1000
45	1000	1000
46	1000	1000
47	1000	1000
48	1000	1000
49	1000	1000
50	1000	1000
51	1000	1000
52	1000	1000
53	1000	1000
54	1000	1000
55	1000	1000
56	1000	1000
57	1000	1000
58	1000	1000
59	1000	1000
60	1000	1000
61	1000	1000
62	1000	1000
63	1000	1000
64	1000	1000
65	1000	1000
66	1000	1000
67	1000	1000
68	1000	1000
69	1000	1000
70	1000	1000
71	1000	1000
72	1000	1000
73	1000	1000
74	1000	1000
75	1000	1000
76	1000	1000
77	1000	1000
78	1000	1000
79	1000	1000
80	1000	1000
81	1000	1000
82	1000	1000
83	1000	1000
84	1000	1000
85	1000	1000
86	1000	1000
87	1000	1000
88	1000	1000
89	1000	1000
90	1000	1000
91	1000	1000
92	1000	1000
93	1000	1000
94	1000	1000
95	1000	1000
96	1000	1000
97	1000	1000
98	1000	1000
99	1000	1000
100	1000	1000
101	1000	1000
102	1000	1000
103	1000	1000
104	1000	1000
105	1000	1000
106	1000	1000
107	1000	1000
108	1000	1000
109	1000	1000
110	1000	1000
111	1000	1000
112	1000	1000
113	1000	1000
114	1000	1000
115	1000	1000
116	1000	1000
117	1000	1000
118	1000	1000
119	1000	1000
120	1000	1000
121	1000	1000
122	1000	1000
123	1000	1000
124	1000	1000
125	1000	1000
126	1000	1000
127	1000	1000
128	1000	1000
129	1000	1000
130	1000	1000
131	1000	1000
132	1000	1000
133	1000	1000
134	1000	1000
135	1000	1000
136	1000	1000
137	1000	1000
138	1000	1000
139	1000	1000
140	1000	1000
141	1000	1000
142	1000	1000
143	1000	1000
144	1000	1000
145	1000	1000
146	1000	1000
147	1000	1000
148	1000	1000
149	1000	1000
150	1000	1000
151	1000	1000
152	1000	1000
153	1000	1000
154	1000	1000
155	1000	1000
156	1000	1000
157	1000	1000
158	1000	1000
159	1000	1000
160	1000	1000
161	1000	1000
162	1000	1000
163	1000	1000
164	1000	1000
165	1000	1000
166	1000	1000
167	1000	1000
168	1000	1000
169	1000	1000
170	1000	1000
171	1000	1000
172	1000	1000
173	1000	1000
174	1000	1000
175	1000	1000
176	1000	1000
177	1000	1000
178	1000	1000
179	1000	1000
180	1000	1000
181	1000	1000
182	1000	1000
183	1000	1000
184	1000	1000
185	1000	1000
186	1000	1000
187	1000	1000
188	1000	1000
189	1000	1000
190	1000	1000
191	1000	1000
192	1000	1000
193	1000	1000
194	1000	1000
195	1000	1000
196	1000	1000
197	1000	1000
198	1000	1000
199	1000	1000
200	1000	1000
201	1000	1000
202	1000	1000
203	1000	1000
204	1000	1000
205	1000	1000
206	1000	1000
207	1000	1000
208	1000	1000
209	1000	1000
210	1000	1000
211	1000	1000
212	1000	1000
213	1000	1000
214	1000	1000
215	1000	1000
216	1000	1000
217	1000	1000
218	1000	1000
219	1000	1000
220	1000	1000
221	1000	1000
222	1000	1000
223	1000	1000
224	1000	1000
225	1000	1000
226	1000	1000
227	1000	1000
228	1000	1000
229	1000	1000
230	1000	1000
231	1000	1000
232	1000	1000
233	1000	1000
234	1000	1000
235	1000	1000
236	1000	1000
237	1000	1000
238	1000	1000
239	1000	1000
240	1000	1000
241	1000	1000
242	1000	1000
243	1000	1000
244	1000	1000
245	1000	1000
246	1000	1000
247	1000	1000
248	1000	1000
249	1000	1000
250	1000	1000
251	1000	1000
252	1000	1000
253	1000	1000
254	1000	1000
255	1000	1000
256	1000	1000
257	1000	1000
258	1000	1000
259	1000	1000
260	1000	1000
261	1000	1000
262	1000	1000
263	1000	1000
264	1000	1000
265	1000	1000
266	1000	1000
267	1000	1000
268	1000	1000
269	1000	1000
270	1000	1000
271	1000	1000
272	1000	1000
273	1000	1000
274	1000	1000
275	1000	1000
276	1000	1000
277	1000	1000
278	1000	1000
279	1000	1000
280	1000	1000
281	1000	1000
282	1000	1000
283	1000	1000
284	1000	1000
285	1000	1000
286	1000	1000
287	1000	1000
288	1000	1000
289	1000	1000
290	1000	1000
291	1000	1000
292	1000	1000
293	1000	1000
294	1000	1000
295	1000	1000
296	1000	1000
297	1000	1000
298	1000	1000
299	1000	1000
300	1000	1000
301	1000	1000
302	1000	1000
303	1000	1000
304	1000	1000
305	1000	1000
306	1000	1000
307	1000	1000
308	1000	1000
309	1000	1000
310	1000	1000
311	1000	1000
312	1000	1000
313	1000	1000
314	1000	1000
315	1000	1000
316	1000	1000
317	1000	1000
318	1000	1000
319	1000	1000
320	1000	1000
321	1000	1000
322	1000	1000
323	1000	1000
324	1000	1000
325	1000	1000
326	1000	1000
327	1000	1000
328	1000	1000
329	1000	1000
330	1000	1000
331	1000	1000
332	1000	1000
333	1000	1000
334	1000	1000
335	1000	1000
336	1000	1000
337	1000	1000
338	1000	1000
339	1000	1000
340	1000	1000
341	1000	1000
342	1000	1000
343	1000	1000
344	1000	1000
345	1000	1000
346	1000	1000
347	1000	1000
348	1000	1000
349	1000	1000
350	1000	1000
351	1000	1000
352	1000	1000
353	1000	1000
354	1000	1000
355	1000	1000
356	1000	1000
357	1000	1000
358	1000	1000
359	1000	1000
360	1000	1000
361	1000	1000
362	1000	1000
363	1000	1000
364	1000	1000
365	1000	1000
366	1000	1000
367	1000	1000
368	1000	1000
369	1000	1000
370	1000	1000
371	1000	1000
372	1000	1000
373	1000	1000
374	1000	1000
375	1000	1000
376	1000	1000
377	1000	1000
378	1000	1000
379	1000	1000
380	1000	1000
381	1000	1000
382	1000	1000
383	1000	1000
384	1000	1000
385	1000	1000
386	1000	1000
387	1000	1000
388	1000	1000
389	1000	1000
390	1000	1000
391	1000	1000
392	1000	1000
393	1000	1000
394	1000	1000
395	1000	1000
396	1000	1000
397	1000	1000
398	1000	1000
399	1000	1000
400	1000	1000
401	1000	1000
402	1000	1000
403	1000	1000
404	1000	1000
405	1000	1000
406	1000	1000
407	1000	1000
408	1000	1000
409	1000	1000
410	1000	1000
411	1000	1000
412	1000	1000
413	1000	1000
414	1000	1000
415	1000	1000
416	1000	1000
417	1000	1000
418	1000	1000
419	1000	1000
420	1000	1000
421	1000	1000
422	1000	1000
423	1000	1000
424	1000	1000
425	1000	1000
426	1000	1000
427	1000	1000
428	1000	1000
429	1000	1000
430	1000	1000
431	1000	1000
432	1000	1000
433	1000	1000
434	1000	1000
435	1000	1000
436	1000	1000
437	1000	1000
438	1000	1000
439	1000	1000
440	1000	1000
441	1000	1000
442	1000	1000
443	1000	1000
444	1000	1000
445	1000	1000
446	1000	1000
447	1000	1000
448	1000	1000
449	1000	1000
450	1000	1000
451	1000	1000
452	1000	1000
453	1000	1000
454	1000	1000
455	1000	1000
456	1000	1000
457	1000	1000
458	1000	1000
459	1000	1000
460	1000	1000
461	1000	1000
462	1000	1000
463	1000	1000
464	1000	1000
465	1000	1000
466	1000	1000
467	1000	1000
468	1000	1000
469	1000	1000
470	1000	1000
471	1000	1000
472	1000	1000
473	1000	1000
474	1000	1000
475	1000	1000
476	1000	1000
477	1000	1000
478	1000	1000
479	1000	1000
480	1000	1000
481	1000	1000
482	1000	1000
483	1000	1000
484	1000	1000
485	1000	1000
486	1000	1000
487	1000	1000
488	1000	1000
489	1000	1000
490	1000	1000
491	1000	1000
492	1000	1000
493	1000	1000
494	1000	1000
495	1000	1000
496	1000	1000
497	1000	1000
498	1000	1000
499	1000	1000
500	1000	1000
501	1001	1001
502	1002	1002
503	1003	1003
504	1004	1004
505	1005	1005
506	1006	1006
507	1007	1007
508	1008	1008
509	1009	1009
510	1010	1010
511	1011	1011
512	1012	1012
513	1013	1013
514	1014	1014
515	1015	1015
516	1016	1016
517	1017	1017
518	1018	1018
519	1019	1019
520	1020	1020
521	1021	1021
522	1022	1022
523	1023	1023
524	1024	1024
525	1025	1025
526	1026	1026
527	1027	1027
528	1028	1028
529	1029	1029
530	1030	1030
531	1031	1031
532	1032	1032
533	1033	1033
534	1034	1034
535	1035	1035
536	1036	1036
537	1037	1037
538	1038	1038
539	1039	1039
540	1040	1040
541	1041	1041
542	1042	1042
543	1043	1043
544	1044	1044
545	1045	1045
546	1046	1046
547	1047	1047
548	1048	1048
549	1049	1049
550	1050	1050
551	1051	1051
552	1052	1052
553	1053	1053
554	1054	1054
555	1055	1055
556	1056	1056
557	1057	1057
558	1058	1058
559	1059	1059
560	1060	1060
561	1061	1061
562	1062	1062
563	1063	1063
564	1064	1064
565	1065	1065
566	1066	1066
567	1067	1067
568	1068	1068
569	1069	1069
570	1070	1070
571	1071	1071
572	1072	1072
573	1073	1073
574	1074	1074
575	1075	1075
576	1076	1076
577	1077	1077
578	1078	1078
579	1079	1079
580	1080	1080
581	1081	1081
582	1082	1082
583	1083	1083
584	1084	1084
585	1085	1085
586	1086	1086
587	1087	1087
588	1088	1088
589	1089	1089
590	1090	1090
591	1091	1091
592	1092	1092
593	1093	1093
594	1094	1094
595	1095	1095
596	1096	1096
597	1097	1097
598	1098	1098
599	1099	1099
600	1100	1100
601	1101	1101
602	1102	1102
603	1103	1103
604	1104	1104
605	1105	1105
606	1106	1106
607	1107	1107
608	1108	1108
609	1109	1109
610	1110	1110
611	1111	1111
612	1112	1112
613	1113	1113
614	1114	1114
615	1115	1115
616	1116	1116
617	1117	1117
618	1118	1118
619	1119	1119
620	1120	1120
621	1121	1121
622	1122	1122
623	1123	1123
624	1124	1124
625	1125	1125
626	1126	1126
627	1127	1127
628	1128	1128
629	1129	1129
630	1130	1130
631	1131	1131
632	1132	1132
633	1133	1133
634	1134	1134
635	1135	1135
636	1136	1136
637	1137	1137
638	1138	1138
639	1139	1139
640	1140	1140
641	1141	1141
642	1142	1142
643	1143	1143
644	1144	1144
645	1145	1145
646	1146	1146
647	1147	1147
648	1148	1148
649	1149	1149
650	1150	1150
651	1151	1151
652	1152	1152
653	1153	1153
654	1154	1154
655	1155	1155
656	1156	1156
657	1157	1157
658	1158	1158
659	1159	1159
660	1160	1160
661	1161	1161
662	1162	1162
663	1163	1163
664	1164	1164
665	1165	1165
666	1166	1166
667	1167	1167
668	1168	1168
669	1169	1169
670	1170	1170
671	1171	1171
672	1172	1172
673	1173	1173
674	1174	1174
675	1175	1175
676	1176	1176
677	1177	1177
678	1178	1178
679	1179	1179
680	1180	1180
681	1181	1181
682	1182	1182
683	1183	1183
684	1184	1184
685	1185	1185
686	1186	1186
687	1187	1187
688	1188	1188
689	1189	1189
690	1190	1190
691	1191	1191
692	1192	1192
693	1193	1193
694	1194	1194
695	1195	1195
696	1196	1196
697	1197	1197
698	1198	1198
699	1199	1199
700	1200	1200
701	1201	1201
702	1202	1202
703	1203	1203
704	1204	1204
705	1205	1205
706	1206	1206
707	1207	1207
708	1208	1208
709	1209	1209
710	1210	1210
711	1211	1211
712	1212	1212
713	1213	1213
714	1214	1214
715	1215	1215
716	1216	1216
717	1217	1217
718	1218	1218
719	1219	1219
720	1220	1220
721	1221	1221
722	1222	1222
723	1223	1223
724	1224	1224
725	1225	1225
726	1226	1226
727	1227	1227
728	1228	1228
729	1229	1229
730	1230	1230
731	1231	1231
732	1232	1232
733	1233	1233
734	1234	1234
735	1235	1235
736	1236	1236
737	1237	1237
738	1238	1238
739	1239	1239
740	1240	1240
741	1241	1241
742	1242	1242
743	1243	1243
744	1244	1244
745	1245	1245
746	1246	1246
747	1247	1247
748	1248	1248
749	1249	1249
750	1250	1250
751	1251	1251
752	1252	1252
753	1253	1253
754	1254	1254
755	1255	1255
756	1256	1256
757	1257	1257
758	1258	1258
759	1259	1259
760	1260	1260
761	1261	1261
762	1262	1262
763	1263	1263
764	1264	1264
765	1265	1265
766	1266	1266
767	1267	1267
768	1268	1268
769	1269	1269
770	1270	1270
771	1271	1271
772	1272	1272
773	1273	1273
774	1274	1274
775	1275	1275
776	1276	1276
777	1277	1277
778	1278	1278
779	1279	1279
780	1280	1280
781	1281	1281
782	1282	1282
783	1283	1283
784	1284	1284
785	1285	1285
786	1286	1286
787	1287	1287
788	1288	1288
789	1289	1289
790	1290	1290
791	1291	1291
792	1292	1292
793	1293	1293
794	1294	1294
795	1295	1295
796	1296	1296
797	1297	1297
798	1298	1298
799	1299	1299
800	1300	1300
801	1301	1301
802	1302	1302
803	1303	1303
804	1304	1304
805	1305	1305
806	1306	1306
807	1307	1307
808	1308	1308
809	1309	1309
810	1310	1310
811	1311	1311
812	1312	1312
813	1313	1313
814	1314	1314
815	1315	1315
816	1316	1316
817	1317	1317
818	1318	1318
819	1319	1319
820	1320	1320
821	1321	1321
822	1322	1322
823	1323	1323
824	1324	1324
825	1325	1325
826	1326	1326
827	1327	1327
828	1328	1328
829	1329	1329
830	1330	1330
831	1331	1331
832	1332	1332
833	1333	1333
834	1334	1334
835	1335	1335
836	1336	1336
837	1337	1337
838	1338	1338
839	1339	1339
840	1340	1340
841	1341	1341
842	1342	1342
843	1343	1343
844	1344	1344
845	1345	1345
846	1346	1346
847	1347	1347
848	1348	1348
849	1349	1349
850	1350	1350
851	1351	1351
852	1352	1352
853	1353	1353
854	1354	1354
855	1355	1355
856	1356	1356
857	1357	1357
858	1358	1358
859	1359	1359
860	1360	1360
861	1361	1361
862	1362	1362
863	1363	1363
864	1364	1364
865	1365	1365
866	1366	1366
867	1367	1367
868	1368	1368
869	1369	1369
870	1370	1370
871	1371	1371
872	1372	1372
873	1373	1373
874	1374	1374
875	1375	1375
876	1376	1376
877	1377	1377
878	1378	1378
879	1379	1379
880	1380	1380
881	1381	1381
882	1382	1382
883	1383	1383
884	1384	1384
885	1385	1385
886	1386	1386
887	1387	1387
888	1388	1388
889	1389	1389
890	1390	1390
891	1391	1391
892	1392	1392
893	1393	1393
894	1394	1394
895	1395	1395
896	1396	1396
897	1397	1397
898	1398	1398
899	1399	1399
900	1400	1400
901	1401	1401
902	1402	1402
903	1403	1403
904	1404	1404
905	1405	1405
906	1406	1406
907	1407	1407
908	1408	1408
909	1409	1409
910	1410	1410
911	1411	1411
912	1412	1412
913	1413	1413
914	1414	1414
915	1415	1415
916	1416	1416
917	1417	1417
918	1418	1418
919	1419	1419
920	1420	1420
921	1421	1421
922	1422	1422
923	1423	1423
924	1424	1424
925	1425	1425
926	1426	1426
927	1427	1427
928	1428	1428
929	1429	1429
930	1430	1430
931	1431	1431
932	1432	1432
933	1433	1433
934	1434	1434
935	1435	1435
936	1436	1436
937	1437	1437
938	1438	1438
939	1439	1439
940	1440	1440
941	1441	1441
942	1442	1442
943	1443	1443
944	1444	1444
945	1445	1445
946	1446	1446
947	1447	1447
948	1448	1448
949	1449	1449
950	1450	1450
951	1451	1451
952	1452	1452
953	1453	1453
954	1454	1454
955	1455	1455
956	1456	1456
957	1457	1457
958	1458	1458
959	1459	1459
960	1460	1460
961	1461	1461
962	1462	1462
963	1463	1463
964	1464	1464
965	1465	1465
966	1466	1466
967	1467	1467
968	1468	1468
969	1469	1469
970	1470	1470
971	1471	1471
972	1472	1472
973	1473	1473
974	1474	1474
975	1475	1475
976	1476	1476
977	1477	1477
978	1478	1478
979	1479	1479
980	1480	1480
981	1481	1481
982	1482	1482
983	1483	1483
984	1484	1484
985	1485	1485
986	1486	1486
987	1487	1487
988	1488	1488
989	1489	1489
990	1490	1490
991	1491	1491
992	1492	1492
993	1493	1493
994	1494	1494
995	1495	1495
996	1496	1496
997	1497	1497
998	1498	1498
999	1499	1499
1000	1500	1500
1001	1501	1501
1002	1502	1502
1003	1503	1503
1004	1504	1504
1005	1505	1505
1006	1506	1506
1007	1507	1507
1008	1508	1508
1009	1509	1509
1010	1510	1510
1011	1511	1511
1012	1512	1512
1013	1513	1513
1014	1514	1514
1015	1515	1515
1016	1516	1516
1017	1517	1517
1018	1518	1518
1019	1519	1519
1020	1520	1520
1021	1521	1521
1022	1522	1522
1023	1523	1523
1024	1524	1524
1025	1525	1525
1026	1526	1526
1027	1527	1527
1028	1528	1528
1029	1529	1529
1030	1530	1530
1031	1531	1531
1032	1532	1532
1033	1533	1533
1034	1534	1534
1035	1535	1535
1036	1536	1536
1037	1537	1537
1038	1538	1538
1039	1539	1539
1040	1540	1540
1041	1541	1541
1042	1542	1542
1043	1543	1543
1044	1544	1544
1045	1545	1545
1046	1546	1546
1047	1547	1547
1048	1548	1548
1049	1549	1549
1050	1550	1550
1051	1551	1551
1052	1552	1552
1053	1553	1553
1054	1554	1554
1055	1555	1555
1056	1556	1556
1057	1557	1557
1058	1558	1558
1059	1559	1559
1060	1560	1560
1061	1561	1561
1062	1562	1562
1063	1563	1563
1064	1564	1564
1065	1565	1565
1066	1566	1566
1067	1567	1567
1068	1568	1568
1069	1569	1569
1070	1570	1570
1071	1571	1571
1072	1572	1572
1073	1573	1573
1074	1574	1574
1075	1575	1575
1076	1576	1576
1077	1577	1577
1078	1578	1578
1079	1579	1579
1080	1580	1580
1081	1581	1581
1082	1582	1582
1083	1583	1583
1084	1584	1584
1085	1585	1585
1086	1586	1586
1087	1587	1587
1088	1588	1588
1089	1589	1589
1090	1590	1590
1091	1591	1591
1092	1592	1592
1093	1593	1593
1094	1594	1594
1095	1595	1595
1096	1596	1596
1097	1597	1597
1098	1598	1598
1099	1599	1599
1100	1600	1600
1101	1601	1601
1102	1602	1602
1103	1603	1603
1104	1604	1604
1105	1605	1605
1106	1606	1606
1107	1607	1607
1108	1608	1608
1109	1609	1609
1110	1610	1610
1111	1611	1611
1112	1612	1612
1113	1613	1613
1114	1614	1614
1115	1615	1615
1116	1616	1616
1117	1617	1617
1118	1618	1618
1119	1619	1619
1120	1620	1620
1121	1621	1621
1122	1622	1622
1123	1623	1623
1124	1624	1624
1125	1625	1625
1126	1626	1626
1127	1627	1627
1128	1628	1628
1129	1629	1629
1130	1630	1630
1131	1631	1631
1132	1632	1632
1133	1633	1633
1134	1634	1634
1135	1635	1635
1136	1636	1636
1137	1637	1637
1138	1638	1638
1139	1639	1639
1140	1640	1640
1141	1641	1641
1142	1642	1642
1143	1643	1643
1144	1644	1644
1145	1645	1645
1146	1646	1646
1147	1647	1647
1148	1648	1648
1149	1649	1649
1150	1650	1650
1151	1651	1651
1152	1652	1652
1153	1653	1653
1154	1654	1654
1155	1655	1655
1156	1656	1656
1157	1657	1657
1158	1658	1658
1159	1659	1659
1160	1660	1660
1161	1661	1661
1162	1662	1662
1163	1663	1663
1164	1664	1664
1165	1665	1665
1166	1666	1666
1167	1667	1667
1168	1668	1668
1169	1669	1669
1170	1670	1670
1171	1671	1671
1172	1672	1672
1173	1673	1673
1174	1674	1674
1175	1675	1675
1176	1676	1676
1177	1677	1677
1178	1678	1678
1179	1679	1679
1180	1680	1680
1181	1681	1681
1182	1682	1682
1183	1683	1683
1184	1684	1684
1185	1685	1685
1186	1686	1686
1187	1687	1687
1188	1688	1688
1189	1689	1689
1190	1690	1690
1191	1691	1691
1192	1692	1692
1193	1693	1693
1194	1694	1694
1195	1695	1695
1196	1696	1696
1197	1697	1697
1198	1698	1698
1199	1699	1699
1200	1700	1700
1201	1701	1701
1202	1702	1702
1203	1703	1703
1204	1704	1704
1205	1705	1705
1206	1706	1706
1207	1707	1707
1208	1708	1708
1209	1709	1709
1210	1710	1710
1211	1711	1711
1212	1712	1712
1213	1713	1713
1214	1714	1714
1215	1715	1715
1216	1716	1716
1217	1717	1717
1218	1718	1718
1219	1719	1719
1220	1720	1720
1221	1721	1721
1222	1722	1722
1223	1723	1723
1224	1724	1724
1225	1725	1725
1226	1726	1726
1227	1727	1727
1228	1728	1728
1229	1729	1729
1230	1730	1730
1231	1731	1731
1232	1732	1732
1233	1733	1733
1234	1734	1734
1235	1735	1735
1236	1736	1736
1237	1737	1737
1238	1738	1738
1239	1739	1739
1240	1740	1740
1241	1741	1741
1242	1742	1742
1243	1743	1743
1244	1744	1744
1245	1745	1745
1246	1746	1746
1247	1747	1747
1248	1748	1748
1249	1749	1749
1250	1750	1750
1251	1751	1751
1252	1752	1752
1253	1753	1753
1254	1754	1754
1255	1755	1755
1256	1756	1756
1257	1757	1757
1258	1758	1758
1259	1759	1759
1260	1760	1760
1261	1761	1761
1262	1762	1762
1263	1763	1763
1264	1764	1764
1265	1765	1765
1266	1766	1766
1267	1767	1767
1268	1768	1768
1269	1769	1769
1270	1770	1770
1271	1771	1771
1272	1772	1772
1273	1773	1773
1274	1774	1774
1275	1775	1775
1276	1776	1776
1277	1777	1777
1278	1778	1778
1279	1779	1779
1280	1780	1780
1281	1781	1781
1282	1782	1782
1283	1783	1783
1284	1784	1784
1285	1785	1785
1286	1786	1786
1287	1787	1787
1288	1788	1788
1289	1789	1789
1290	1790	1790
1291	1791	1791
1292	1792	1792
1293	1793	1793
1294	1794	1794
1295	1795	1795
1296	1796	1796
1297	1797	1797
1298	1798	1798
1299	1799	1799
1300	1800	1800
1301	1801	1801
1302	1802	1802
1303	1803	1803
1304	1804	1804
1305	1805	1805
1306	1806	1806
1307	1807	1807
1308	1808	1808
1309	1809	1809
1310	1810	1810
1311	1811	1811
1312	1812	1812
1313	1813	1813
1314	1814	1814
1315	1815	1815
1316	1816	1816
1317	1817	1817
1318	1818	1818
1319	1819	1819
1320	1820	1820
1321	1821	1821
1322	1822	1822
1323	1823	1823
1324	1824	1824
1325	1825	1825
1326	1826	1826
1327	1827	1827
1328	1828	1828
1329	1829	1829
1330	1830	1830
1331	1831	1831
1332	1832	1832
1333	1833	1833
1334	1834	1834
1335	1835	1835
1336	1836	1836
1337	1837	1837
1338	1838	1838
1339	1839	1839
1340	1840	1840
1341	1841	1841
1342	1842	1842
1343	1843	1843
1344	1844	1844
1345	1845	1845
1346	1846	1846
1347	1847	1847
1348	1848	1848
1349	1849	1849
1350	1850	1850
1351	1851	1851
1352	1852	1852
1353	1853	1853
1354	1854	1854
1355	1855	1855
1356	1856	1856
1357	1857	1857
1358	1858	1858
1359	1859	1859
1360	1860	1860
1361	1861	1861
1362	1862	1862
1363	1863	1863
1364	1864	1864
1365	1865	1865
1366	1866	1866
1367	1867	1867
1368	1868	1868
1369	1869	1869
1370	1870	1870
1371	1871	1871
1372	1872	1872
1373	1873	1873
1374	1874	1874
1375	1875	1875
1376	1876	1876
1377	1877	1877
1378	1878	1878
1379	1879	1879
1380	1880	1880
1381	1881	1881
1382	1882	1882
1383	1883	1883
1384	1884	1884
1385	1885	1885
1386	1886	1886
1387	1887	1887
1388	1888	1888
1389	1889	1889
1390	1890	1890
1391	1891	1891
1392	1892	1892
1393	1893	1893
1394	1894	1894
1395	1895	1895
1396	1896	1896
1397	1897	1897
1398	1898	1898
1399	1899	1899
1400	1900	1900
1401	1901	1901
1402	1902	1902
1403	1903	1903
1404	1904	1904
1405	1905	1905
1406	1906	1906
1407	1907	1907
1408	1908	1908
1409	1909	1909
1410	1910	1910
1411	1911	1911
1412	1912	1912
1413	1913	1913
1414	1914	1914
1415	1915	1915
1416	1916	1916
1417	1917	1917
1418	1918	1918
1419	1919	1919
1420	1920	1920
1421	1921	1921
1422	1922	1922
1423	1923	1923
1424	1924	1924
1425	1925	1925
1426	1926	1926
1427	1927	1927
1428	1928	1928
1429	1929	1929
1430	1930	1930
1431	1931	1931
1432	1932	1932
1433	1933	1933
1434	1934	1934
1435	1935	1935
1436	1936	1936
1437	1937	1937
1438	1938	1938
1439	1939	1939
1440	1940	1940
1441	1941	1941
1442	1942	1942
1443	1943	1943
1444	1944	1944
1445	1945	1945
1446	1946	1946
1447	1947	1947
1448	1948	1948
1449	1949	1949
1450	1950	1950
1451	1951	1951
1452	1952	1952
1453	1953	1953
1454	1954	1954
1455	1955	1955
1456	1956	1956
1457	1957	1957
1458	1958	1958
1459	1959	1959
1460	1960	1960
1461	1961	1961
1462	1962	1962
1463	1963	1963
1464	1964	1964
1465	1965	1965
1466	1966	1966
1467	1967	1967
1468	1968	1968
1469	1969	1969
1470	1970	1970
1471	1971	1971
1472	1972	1972
1473	1973	1973
1474	1974	1974
1475	1975	1975
1476	1976	1976
1477	1977	1977
1478	1978	1978
1479	1979	1979
1480	1980	1980
1481	1981	1981
1482	1982	1982
1483	1983	1983
1484	1984	1984
1485	1985	1985
1486	1986	1986
1487	1987	1987
1488	1988	1988
1489	1989	1989
1490	1990	1990
1491	1991	1991
1492	1992	1992
1493	1993	1993
1494	1994	1994
1495	1995	1995
1496	1996	1996
1497	1997	1997
1498	1998	1998
1499	1999	1999
1500	2000	2000
1501	2001	2001
1502	2002	2002
1503	2003	2003
1504	2004	2004
1505	2005	2005
1506	2006	2006
1507	2007	2007
1508	2008	2008
1509	2009	2009
1510	2010	2010
1511	2011	2011
1512	2012	2012
1513	2013	2013
1514	2014	2014
1515	2015	2015
1516	2016	2016
1517	2017	2017
1518	2018	2018
1519	2019	2019
1520	2020	2020
1521	2021	2021
1522	2022	2022
1523	2023	2023
1524	2024	2024
1525	2025	2025
1526	2026	2026
1527	2027	2027
1528	2028	2028
1529	2029	2029
1530	2030	2030
1531	2031	2031
1532	2032	2032
1533	2033	2033
1534	2034	2034
1535	2035	2035
1536	2036	2036
1537	2037	2037
1538	2038	2038
1539	2039	2039
1540	2040	2040
1541	2041	2041
1542	2042	2042
1543	2043	2043
1544	2044	2044
1545	2045	2045
1546	2046	2046
1547	2047	2047
1548	2048	2048
1549	2049	2049
1550	2050	2050
1551	2051	2051
1552	2052	2052
1553	2053	2053
1554	2054	2054
1555	2055	2055
1556	2056	2056
1557	2057	2057
1558	2058	2058
1559	2059	2059
1560	2060	2060
1561	2061	2061
1562	2062	2062
1563	2063	2063
1564	2064	2064
1565	2065	2065
1566	2066	2066
1567	2067	2067
1568	2068	2068
1569	2069	2069
1570	2070	2070
1571	2071	2071
1572	2072	2072
1573	2073	2073
1574	2074	2074
1575	2075	2075
1576	2076	2076
1577	2077	2077
1578	2078	2078
1579	2079	2079
1580	2080	2080
1581	2081	2081
1582	2082	2082
1583	2083	2083
1584	2084	2084
1585	2085	2085
1586	2086	2086
1587	2087	2087
1588	2088	2088
1589	2089	2089
1590	2090	2090
1591	2091	2091
1592	2092	2092
1593	2093	2093
1594	2094	2094
1595	2095	2095
1596	2096	2096
1597	2097	2097
1598	2098	2098
1599	2099	2099
1600	2100	2100
1601	2101	2101
1602	2102	2102
1603	2103	2103
1604	2104	2104
1605	2105	2105
1606	2106	2106
1607	2107	2107
1608	2108	2108
1609	2109	2109
1610	2110	2110
1611	2111	2111
1612	2112	2112
1613	2113	2113
1614	2114	2114
1615	2115	2115
1616	2116	2116
1617	2117	2117
1618	2118	2118
1619	2119	2119
1620	2120	2120
1621	2121	2121
1622	2122	2122
1623	2123	2123
1624	2124	2124
1625	2125	2125
1626	2126	2126
1627	2127	2127
1628	2128	2128
1629	2129	2129
1630	2130	2130
1631	2131	2131
1632	2132	2132
1633	2133	2133
1634	2134	2134
1635	2135	2135
1636	2136	2136
1637	2137	2137
1638	2138	2138
1639	2139	2139
1640	2140	2140
1641	2141	2141
1642	2142	2142
1643	2143	2143
1644	2144	2144
1645	2145	2145
1646	2146	2146
1647	2147	2147
1648	2148	2148
1649	2149	2149
1650	2150	2150
1651	2151	2151
1652	2152	2152
1653	2153	2153
1654	2154	2154
1655	2155	2155
1656	2156	2156
1657	2157	2157
1658	2158	2158
1659	2159	2159
1660	2160	2160
1661	2161	2161
1662	2162	2162
1663	2163	2163
1664	2164	2164
1665	2165	2165
1666	2166	2166
1667	2167	2167
1668	2168	2168
1669	2169	2169
1670	2170	2170
1671	2171	2171
1672	2172	2172
1673	2173	2173
1674	2174	2174
1675	2175	2175
1676	2176	2176
1677	2177	2177
1678	2178	2178
1679	2179	2179
1680	2180	2180
1681	2181	2181
1682	2182	2182
1683	2183	2183
1684	2184	2184
1685	2185	2185
1686	2186	2186
1687	2187	2187
1688	2188	2188
1689	2189	2189
1690	2190	2190
1691	2191	2191
1692	2192	2192
1693	2193	2193
1694	2194	2194
1695	2195	2195
1696	2196	2196
1697	2197	2197
1698	2198	2198
1699	2199	2199
1700	2200	2200
1701	2201	2201
1702	2202	2202
1703	2203	2203
1704	2204	2204
1705	2205	2205
1706	2206	2206
1707	2207	2207
1708	2208	2208
1709	2209	2209
1710	2210	2210
1711	2211	2211
1712	2212	2212
1713	2213	2213
1714	2214	2214
1715	2215	2215
1716	2216	2216
1717	2217	2217
1718	2218	2218
1719	2219	2219
1720	2220	2220
1721	2221	2221
1722	2222	2222
1723	2223	2223
1724	2224	2224
1725	2225	2225
1726	2226	2226
1727	2227	2227
1728	2228	2228
1729	2229	2229
1730	2230	2230
1731	2231	2231
1732	2232	2232
1733	2233	2233
1734	2234	2234
1735	2235	2235
1736	2236	2236
1737	2237	2237
1738	2238	2238
1739	2239	2239
1740	2240	2240
1741	2241	2241
1742	2242	2242
1743	2243	2243
1744	2244	2244
1745	2245	2245
1746	2246	2246
1747	2247	2247
1748	2248	2248
1749	2249	2249
1750	2250	2250
1751	2251	2251
1752	2252	2252
1753	2253	2253
1754	2254	2254
1755	2255	2255
1756	2256	2256
1757	2257	2257
1758	2258	2258
1759	2259	2259
1760	2260	2260
1761	2261	2261
1762	2262	2262
1763	2263	2263
1764	2264	2264
1765	2265	2265
1766	2266	2266
1767	2267	2267
1768	2268	2268
1769	2269	2269
1770	2270	2270
1771	2271	2271
1772	2272	2272
1773	2273	2273
1774	2274	2274
1775	2275	2275
1776	2276	2276
1777	2277	2277
1778	2278	2278
1779	2279	2279
1780	2280	2280
1781	2281	2281
1782	2282	2282
1783	2283	2283
1784	2284	2284
1785	2285	2285
1786	2286	2286
1787	2287	2287
1788	2288	2288
1789	2289	2289
1790	2290	2290
1791	2291	2291
1792	2292	2292
1793	2293	2293
1794	2294	2294
1795	2295	2295
1796	2296	2296
1797	2297	2297
1798	2298	2298
1799	2299	2299
1800	2300	2300
1801	2301	2301
1802	2302	2302
1803	2303	2303
1804	2304	2304
1805	2305	2305
1806	2306	2306
1807	2307	2307
1808	2308	2308
1809	2309	2309
1810	2310	2310
1811	2311	2311
1812	2312	2312
1813	2313	2313
1814	2314	2314
1815	2315	2315
1816	2316	2316
1817	2317	2317
1818	2318	2318
1819	2319	2319
1820	2320	2320
1821	2321	2321
1822	2322	2322
1823	2323	2323
1824	2324	2324
1825	2325	2325
1826	2326	2326
1827	2327	2327
1828	2328	2328
1829	2329	2329
1830	2330	2330
1831	2331	2331
1832	2332	2332
1833	2333	2333
1834	2334	2334
1835	2335	2335
1836	2336	2336
1837	2337	2337
1838	2338	2338
1839	2339	2339
1840	2340	2340
1841	2341	2341
1842	2342	2342
1843	2343	2343
1844	2344	2344
1845	2345	2345
1846	2346	2346
1847	2347	2347
1848	2348	2348
1849	2349	2349
1850	2350	2350
1851	2351	2351
1852	2352	2352
1853	2353	2353
1854	2354	2354
1855	2355	2355
1856	2356	2356
1857	2357	2357
1858	2358	2358
1859	2359	2359
1860	2360	2360
1861	2361	2361
1862	2362	2362
1863	2363	2363
1864	2364	2364
1865	2365	2365
1866	2366	2366
1867	2367	2367
1868	2368	2368
1869	2369	2369
1870	2370	2370
1871	2371	2371
1872	2372	2372
1873	2373	2373
1874	2374	2374
1875	2375	2375
1876	2376	2376
1877	2377	2377
1878	2378	2378
1879	2379	2379
1880	2380	2380
1881	2381	2381
1882	2382	2382
1883	2383	2383
1884	2384	2384
1885	2385	2385
1886	2386	2386
1887	2387	2387
1888	2388	2388
1889	2389	2389
1890	2390	2390
1891	2391	2391
1892	2392	2392
1893	2393	2393
1894	2394	2394
1895	2395	2395
1896	2396	2396
1897	2397	2397
1898	2398	2398
1899	2399	2399
1900	2400	2400
1901	2401	2401
1902	2402	2402
1903	2403	2403
1904	2404	2404
1905	2405	2405
1906	2406	2406
1907	2407	2407
1908	2408	2408
1909	2409	2409
1910	2410	2410
1911	2411	2411
1912	2412	2412
1913	2413	2413
1914	2414	2414
1915	2415	2415
1916	2416	2416
1917	2417	2417
1918	2418	2418
1919	2419	2419
1920	2420	2420
1921	2421	2421
1922	2422	2422
1923	2423	2423
1924	2424	2424
1925	2425	2425
1926	2426	2426
1927	2427	2427
1928	2428	2428
1929	2429	2429
1930	2430	2430
1931	2431	2431
1932	2432	2432
1933	2433	2433
1934	2434	2434
1935	2435	2435
1936	2436	2436
1937	2437	2437
1938	2438	2438
1939	2439	2439
1940	2440	2440
1941	2441	2441
1942	2442	2442
1943	2443	2443
1944	2444	2444
1945	2445	2445
1946	2446	2446
1947	2447	2447
1948	2448	2448
1949	2449	2449
1950	2450	2450
1951	2451	2451
1952	2452	2452
1953	2453	2453
1954	2454	2454
1955	2455	2455
1956	2456	2456
1957	2457	2457
1958	2458	2458
1959	2459	2459
1960	2460	2460
1961	2461	2461
1962	2462	2462
1963	2463	2463
1964	2464	2464
1965	2465	2465
1966	2466	2466
1967	2467	2467
1968	2468	2468
1969	2469	2469
1970	2470	2470
1971	2471	2471
1972	2472	2472
1973	2473	2473
1974	2474	2474
1975	2475	2475
1976	2476	2476
1977	2477	2477
1978	2478	2478
1979	2479	2479
1980	2480	2480
1981	2481	2481
1982	2482	2482
1983	2483	2483
1984	2484	2484
1985	2485	2485
1986	2486	2486
1987	2487	2487
1988	2488	2488
1989	2489	2489
1990	2490	2490
1991	2491	2491
1992	2492	2492
1993	2493	2493
1994	2494	2494
1995	2495	2495
1996	2496	2496
1997	2497	2497
1998	2498	2498
1999	2499	2499
2000	2500	2500
2001	2501	2501
2002	2502	2502
2003	2503	2503
2004	2504	2504
2005	2505	2505
2006	2506	2506
2007	2507	2507
2008	2508	2508
2009	2509	2509
2010	2510	2510
2011	2511	2511
2012	2512	2512
2013	2513	2513
2014	2514	2514
2015	2515	2515
2016	2516	2516
2017	2517	2517
2018	2518	2518
2019	2519	2519
2020	2520	2520
2021	2521	2521
2022	2522	2522
2023	2523	2523
2024	2524	2524
2025	2525	2525
2026	2526	2526
2027	2527	2527
2028	2528	2528
2029	2529	2529
2030	2530	2530
2031	2531	2531
2032	2532	2532
2033	2533	2533
2034	2534	2534
2035	2535	2535
2036	2536	2536
2037	2537	2537
2038	2538	2538
2039	2539	2539
2040	2540	2540
2041	2541	2541
2042	2542	2542
2043	2543	2543
2044	2544	2544
2045	2545	2545
2046	2546	2546
2047	2547	2547
2048	2548	2548
2049	2549	2549
2050	2550	2550
2051	2551	2551
2052	2552	2552
2053	2553	2553
2054	2554	2554
2055	2555	2555
2056	2556	2556
2057	2557	2557
2058	2558	2558
2059	2559	2559
2060	2560	2560
2061	2561	2561
2062	2562	2562
2063	2563	2563
2064	2564	2564
2065	2565	2565
2066	2566	2566
2067	2567	2567
2068	2568	2568
2069	2569	2569
2070	2570	2570
2071	2571	2571
2072	2572	2572
2073	2573	2573
2074	2574	2574
2075	2575	2575
2076	2576	2576
2077	2577	2577
2078	2578	2578
2079	2579	2579
2080	2580	2580
2081	2581	2581
2082	2582	2582
2083	2583	2583
2084	2584	2584
2085	2585	2585
2086	2586	2586
2087	2587	2587
2088	2588	2588
2089	2589	2589
2090	2590	2590
2091	2591	2591
2092	2592	2592
2093	2593	2593
2094	2594	2594
2095	2595	2595
2096	2596	2596
2097	2597	2597
2098	2598	2598
2099	2599	2599
2100	2600	2600
2101	2601	2601
2102	2602	2602
2103	2603	2603
2104	2604	2604
2105	2605	2605
2106	2606	2606
2107	2607	2607
2108	2608	2608
2109	2609	2609
2110	2610	2610
2111	2611	2611
2112	2612	2612
2113	2613	2613
2114	2614	2614
2115	2615	2615
2116	2616	2616
2117	2617	2617
2118	2618	2618
2119	2619	2619
2120	2620	2620
2121	2621	2621
2122	2622	2622
2123	2623	2623
2124	2624	2624
2125	2625	2625
2126	2626	2626
2127	2627	2627
2128	2628	2628
2129	2629	2629
2130	2630	2630
2131	2631	2631
2132	2632	2632
2133	2633	2633
2134	2634	2634
2135	2635	2635
2136	2636	2636
2137	2637	2637
2138	2638	2638
2139	2639	2639
2140	2640	2640
2141	2641	2641
2142	2642	2642
2143	2643	2643
2144	2644	2644
2145	2645	2645
2146	2646	2646
2147	2647	2647
2148	2648	2648
2149	2649	2649
2150	2650	2650
2151	2651	2651
2152	2652	2652
2153	2653	2653
2154	2654	2654
2155	2655	2655
2156	2656	2656
2157	2657	2657
2158	2658	2658
2159	2659	2659
2160	2660	2660
2161	2661	2661
2162	2662	2662
2163	2663	2663
2164	2664	2664
2165	2665	2665
2166	2666	2666
2167	2667	2667
2168	2668	2668
2169	2669	2669
2170	2670	2670
2171	2671	2671
2172	2672	2672
2173	2673	2673
2174	2674	2674
2175	2675	2675
2176	2676	2676
2177	2677	2677
2178	2678	2678
2179	2679	2679
2180	2680	2680
2181	2681	2681
2182	2682	2682
2183	2683	2683
2184	2684	2684
2185	2685	2685
2186	2686	2686
2187	2687	2687
2188	2688	2688
2189	2689	2689
2190	2690	2690
2191	2691	2691
2192	2692	2692
2193	2693	2693
2194	2694	2694
2195	2695	2695
2196	2696	2696
2197	2697	2697
2198	2698	2698
2199	2699	2699
2200	2700	2700
2201	2701	2701
2202	2702	2702
2203	2703	2703
2204	2704	2704
2205	2705	2705
2206	2706	2706
2207	2707	2707
2208	2708	2708
2209	2709	2709
2210	2710	2710
2211	2711	2711
2212	2712	2712
2213	2713	2713
2214	2714	2714
2215	2715	2715
2216	2716	2716
2217	2717	2717
2218	2718	2718
2219	2719	2719
2220	2720	2720
2221	2721	2721
2222	2722	2722
2223	2723	2723
2224	2724	2724
2225	2725	2725
2226	2726	2726
2227	2727	2727
2228	2728	2728
2229	2729	2729
2230	2730	2730
2231	2731	2731
2232	2732	2732
2233	2733	2733
2234	2734	2734
2235	2735	2735
2236	2736	2736
2237	2737	2737
2238	2738	2738
2239	2739	2739
2240	2740	2740
2241	2741	2741
2242	2742	2742
2243	2743	2743
2244	2744	2744
2245	2745	2745
2246	2746	2746
2247	2747	2747
2248	2748	2748
2249	2749	2749
2250	2750	2750
2251	2751	2751
2252	2752	2752
2253	2753	2753
2254	2754	2754
2255	2755	2755
2256	2756	2756
2257	2757	2757
2258	2758	2758
2259	2759	2759
2260	2760	2760
2261	2761	2761
2262	2762	2762
2263	2763	2763
2264	2764	2764
2265	2765	2765
2266	2766	2766
2267	2767	2767
2268	2768	2768
2269	2769	2769
2270	2770	2770
2271	2771	2771
2272	2772	2772
2273	2773	2773
2274	2774	2774
2275	2775	2775
2276	2776	2776
2277	2777	2777
2278	2778	2778
2279	2779	2779
2280	2780	2780
2281	2781	2781
2282	2782	2782
2283	2783	2783
2284	2784	2784
2285	2785	2785
2286	2786	2786
2287	2787	2787
2288	2788	2788
2289	2789	2789
2290	2790	2790
2291	2791	2791
2292	2792	2792
2293	2793	2793
2294	2794	2794
2295	2795	2795
2296	2796	2796
2297	2797	2797
2298	2798	2798
2299	2799	2799
2300	2800	2800
2301	2801	2801
2302	2802	2802
2303	2803	2803
2304	2804	2804
2305	2805	2805
2306	2806	2806
2307	2807	2807
2308	2808	2808
2309	2809	2809
2310	2810	2810
2311	2811	2811
2312	2812	2812
2313	2813	2813
2314	2814	2814
2315	2815	2815
2316	2816	2816
2317	2817	2817
2318	2818	2818
2319	2819	2819
2320	2820	2820
2321	2821	2821
2322	2822	2822
2323	2823	2823
2324	2824	2824
2325	2825	2825
2326	2826	2826
2327	2827	2827
2328	2828	2828
2329	2829	2829
2330	2830	2830
2331	2831	2831
2332	2832	2832
2333	2833	2833
2334	2834	2834
2335	2835	2835
2336	2836	2836
2337	2837	2837
2338	2838	2838
2339	2839	2839
2340	2840	2840
2341	2841	2841
2342	2842	2842
2343	2843	2843
2344	2844	2844
2345	2845	2845
2346	2846	2846
2347	2847	2847
2348	2848	2848
2349	2849	2849
2350	2850	2850
2351	2851	2851
2352	2852	2852
2353	2853	2853
2354	2854	2854
2355	2855	2855
2356	2856	2856
2357	2857	2857
2358	2858	2858
2359	2859	2859
2360	2860	2860
2361	2861	2861
2362	2862	2862
2363	2863	2863
2364	2864	2864
2365	2865	2865
2366	2866	2866
2367	2867	2867
2368	2868	2868
2369	2869	2869
2370	2870	2870
2371	2871	2871
2372	2872	2872
2373	2873	2873
2374	2874	2874
2375	2875	2875
2376	2876	2876
2377	2877	2877
2378	2878	2878
2379	2879	2879
2380	2880	2880
2381	2881	2881
2382	2882	2882
2383	2883	2883
2384	2884	2884
2385	2885	2885
2386	2886	2886
2387	2887	2887
2388	2888	2888
2389	2889	2889
2390	2890	2890
2391	2891	2891
2392	2892	2892
2393	2893	2893
2394	2894	2894
2395	2895	2895
2396	2896	2896
2397	2897	2897
2398	2898	2898
2399	2899	2899
2400	2900	2900
2401	2901	2901
2402	2902	2902
2403	2903	2903
2404	2904	2904
2405	2905	2905
2406	2906	2906
2407	2907	2907
2408	2908	2908
2409	2909	2909
2410	2910	2910
2411	2911	2911
2412	2912	2912
2413	2913	2913
2414	2914	2914
2415	2915	2915
2416	2916	2916
2417	2917	2917
2418	2918	2918
2419	2919	2919
2420	2920	2920
2421	2921	2921
2422	2922	2922
2423	2923	2923
2424	2924	2924
2425	2925	2925
2426	2926	2926
2427	2927	2927
2428	2928	2928
2429	2929	2929
2430	2930	2930
2431	2931	2931
2432	2932	2932
2433	2933	2933
2434	2934	2934
2435	2935	2935
2436	2936	2936
2437	2937	2937
2438	2938	2938
2439	2939	2939
2440	2940	2940
2441	2941	2941
2442	2942	2942
2443	2943	2943
2444	2944	2944
2445	2945	2945
2446	2946	2946
2447	2947	2947
2448	2948	2948
2449	2949	2949
2450	2950	2950
2451	2951	2951
2452	2952	2952
2453	2953	2953
2454	2954	2954
2455	2955	2955
2456	2956	2956
2457	2957	2957
2458	2958	2958
2459	2959	2959
2460	2960	2960
2461	2961	2961
2462	2962	2962
2463	2963	2963
2464	2964	2964
2465	2965	2965
2466	2966	2966
2467	2967	2967
2468	2968	2968
2469	2969	2969
2470	2970	2970
2471	2971	2971
2472	2972	2972
2473	2973	2973
2474	2974	2974
2475	2975	2975
2476	2976	2976
2477	2977	2977
2478	2978	2978
2479	2979	2979
2480	2980	2980
2481	2981	2981
2482	2982	2982
2483	2983	2983
2484	2984	2984
2485	2985	2985
2486	2986	2986
2487	2987	2987
2488	2988	2988
2489	2989	2989
2490	2990	2990
2491	2991	2991
2492	2992	2992
2493	2993	2993
2494	2994	2994
2495	2995	2995
2496	2996	2996
2497	2997	2997
2498	2998	2998
2499	2999	2999
2500	3000	3000
2501	3000	3000
2502	3000	3000
2503	3000	3000
2504	3000	3000
2505	3000	3000
2506	3000	3000
2507	3000	3000
2508	3000	3000
2509	3000	3000
2510	3000	3000
2511	3000	3000
2512	3000	3000
2513	3000	3000
2514	3000	3000
2515	3000	3000
2516	3000	3000
2517	3000	3000
2518	3000	3000
2519	3000	3000
2520	3000	3000
2521	3000	3000
2522	3000	3000
2523	3000	3000
2524	3000	3000
2525	3000	3000
2526	3000	3000
2527	3000	3000
2528	3000	3000
2529	3000	3000
2530	3000	3000
2531	3000	3000
2532	3000	3000
2533	3000	3000
2534	3000	3000
2535	3000	3000
2536	3000	3000
2537	3000	3000
2538	3000	3000
2539	3000	3000
2540	3000	3000
2541	3000	3000
2542	3000	3000
2543	3000	3000
2544	3000	3000
2545	3000	3000
2546	3000	3000
2547	3000	3000
2548	3000	3000
2549	3000	3000
2550	3000	3000
2551	3000	3000
2552	3000	3000
2553	3000	3000
2554	3000	3000
2555	3000	3000
2556	3000	3000
2557	3000	3000
2558	3000	3000
2559	3000	3000
2560	3000	3000
2561	3000	3000
2562	3000	3000
2563	3000	3000
2564	3000	3000
2565	3000	3000
2566	3000	3000
2567	3000	3000
2568	3000	3000
2569	3000	3000
2570	3000	3000
2571	3000	3000
2572	3000	3000
2573	3000	3000
2574	3000	3000
2575	3000	3000
2576	3000	3000
2577	3000	3000
2578	3000	3000
2579	3000	3000
2580	3000	3000
2581	3000	3000
2582	3000	3000
2583	3000	3000
2584	3000	3000
2585	3000	3000
2586	3000	3000
2587	3000	3000
2588	3000	3000
2589	3000	3000
2590	3000	3000
2591	3000	3000
2592	3000	3000
2593	3000	3000
2594	3000	3000
2595	3000	3000
2596	3000	3000
2597	3000	3000
2598	3000	3000
2599	3000	3000
2600	3000	3000
2601	3000	3000
2602	3000	3000
2603	3000	3000
2604	3000	3000
2605	3000	3000
2606	3000	3000
2607	3000	3000
2608	3000	3000
2609	3000	3000
2610	3000	3000
2611	3000	3000
2612	3000	3000
2613	3000	3000
2614	3000	3000
2615	3000	3000
2616	3000	3000
2617	3000	3000
2618	3000	3000
2619	3000	3000
2620	3000	3000
2621	3000	3000
2622	3000	3000
2623	3000	3000
2624	3000	3000
2625	3000	3000
2626	3000	3000
2627	3000	3000
2628	3000	3000
2629	3000	3000
2630	3000	3000
2631	3000	3000
2632	3000	3000
2633	3000	3000
2634	3000	3000
2635	3000	3000
2636	3000	3000
2637	3000	3000
2638	3000	3000
2639	3000	3000
2640	3000	3000
2641	3000	3000
2642	3000	3000
2643	3000	3000
2644	3000	3000
2645	3000	3000
2646	3000	3000
2647	3000	3000
2648	3000	3000
2649	3000	3000
2650	3000	3000
2651	3000	3000
2652	3000	3000
2653	3000	3000
2654	3000	3000
2655	3000	3000
2656	3000	3000
2657	3000	3000
2658	3000	3000
2659	3000	3000
2660	3000	3000
2661	3000	3000
2662	3000	3000
2663	3000	3000
2664	3000	3000
2665	3000	3000
2666	3000	3000
2667	3000	3000
2668	3000	3000
2669	3000	3000
2670	3000	3000
2671	3000	3000
2672	3000	3000
2673	3000	3000
2674	3000	3000
2675	3000	3000
2676	3000	3000
2677	3000	3000
2678	3000	3000
2679	3000	3000
2680	3000	3000
2681	3000	3000
2682	3000	3000
2683	3000	3000
2684	3000	3000
2685	3000	3000
2686	3000	3000
2687	3000	3000
2688	3000	3000
2689	3000	3000
2690	3000	3000
2691	3000	3000
2692	3000	3000
2693	3000	3000
2694	3000	3000
2695	3000	3000
2696	3000	3000
2697	3000	3000
2698	3000	3000
2699	3000	3000
2700	3000	3000
2701	3000	3000
2702	3000	3000
2703	3000	3000
2704	3000	3000
2705	3000	3000
2706	3000	3000
2707	3000	3000
2708	3000	3000
2709	3000	3000
2710	3000	3000
2711	3000	3000
2712	3000	3000
2713	3000	3000
2714	3000	3000
2715	3000	3000
2716	3000	3000
2717	3000	3000
2718	3000	3000
2719	3000	3000
2720	3000	3000
2721	3000	3000
2722	3000	3000
2723	3000	3000
2724	3000	3000
2725	3000	3000
2726	3000	3000
2727	3000	3000
2728	3000	3000
2729	3000	3000
2730	3000	3000
2731	3000	3000
2732	3000	3000
2733	3000	3000
2734	3000	3000
2735	3000	3000
2736	3000	3000
2737	3000	3000
2738	3000	3000
2739	3000	3000
2740	3000	3000
2741	3000	3000
2742	3000	3000
2743	3000	3000
2744	3000	3000
2745	3000	3000
2746	3000	3000
2747	3000	3000
2748	3000	3000
2749	3000	3000
2750	3000	3000
2751	3000	3000
2752	3000	3000
2753	3000	3000
2754	3000	3000
2755	3000	3000
2756	3000	3000
2757	3000	3000
2758	3000	3000
2759	3000	3000
2760	3000	3000
2761	3000	3000
2762	3000	3000
2763	3000	3000
2764	3000	3000
2765	3000	3000
2766	3000	3000
2767	3000	3000
2768	3000	3000
2769	3000	3000
2770	3000	3000
2771	3000	3000
2772	3000	3000
2773	3000	3000
2774	3000	3000
2775	3000	3000
2776	3000	3000
2777	3000	3000
2778	3000	3000
2779	3000	3000
2780	3000	3000
2781	3000	3000
2782	3000	3000
2783	3000	3000
2784	3000	3000
2785	3000	3000
2786	3000	3000
2787	3000	3000
2788	3000	3000
2789	3000	3000
2790	3000	3000
2791	3000	3000
2792	3000	3000
2793	3000	3000
2794	3000	3000
2795	3000	3000
2796	3000	3000
2797	3000	3000
2798	3000	3000
2799	3000	3000
2800	3000	3000
2801	3000	3000
2802	3000	3000
2803	3000	3000
2804	3000	3000
2805	3000	3000
2806	3000	3000
2807	3000	3000
2808	3000	3000
2809	3000	3000
2810	3000	3000
2811	3000	3000
2812	3000	3000
2813	3000	3000
2814	3000	3000
2815	3000	3000
2816	3000	3000
2817	3000	3000
2818	3000	3000
2819	3000	3000
2820	3000	3000
2821	3000	3000
2822	3000	3000
2823	3000	3000
2824	3000	3000
2825	3000	3000
2826	3000	3000
2827	3000	3000
2828	3000	3000
2829	3000	3000
2830	3000	3000
2831	3000	3000
2832	3000	3000
2833	3000	3000
2834	3000	3000
2835	3000	3000
2836	3000	3000
2837	3000	3000
2838	3000	3000
2839	3000	3000
2840	3000	3000
2841	3000	3000
2842	3000	3000
2843	3000	3000
2844	3000	3000
2845	3000	3000
2846	3000	3000
2847	3000	3000
2848	3000	3000
2849	3000	3000
2850	3000	3000
2851	3000	3000
2852	3000	3000
2853	3000	3000
2854	3000	3000
2855	3000	3000
2856	3000	3000
2857	3000	3000
2858	3000	3000
2859	3000	3000
2860	3000	3000
2861	3000	3000
2862	3000	3000
2863	3000	3000
2864	3000	3000
2865	3000	3000
2866	3000	3000
2867	3000	3000
2868	3000	3000
2869	3000	3000
2870	3000	3000
2871	3000	3000
2872	3000	3000
2873	3000	3000
2874	3000	3000
2875	3000	3000
2876	3000	3000
2877	3000	3000
2878	3000	3000
2879	3000	3000
2880	3000	3000
2881	3000	3000
2882	3000	3000
2883	3000	3000
2884	3000	3000
2885	3000	3000
2886	3000	3000
2887	3000	3000
2888	3000	3000
2889	3000	3000
2890	3000	3000
2891	3000	3000
2892	3000	3000
2893	3000	3000
2894	3000	3000
2895	3000	3000
2896	3000	3000
2897	3000	3000
2898	3000	3000
2899	3000	3000
2900	3000	3000
2901	3000	3000
2902	3000	3000
2903	3000	3000
2904	3000	3000
2905	3000	3000
2906	3000	3000
2907	3000	3000
2908	3000	3000
2909	3000	3000
2910	3000	3000
2911	3000	3000
2912	3000	3000
2913	3000	3000
2914	3000	3000
2915	3000	3000
2916	3000	3000
2917	3000	3000
2918	3000	3000
2919	3000	3000
2920	3000	3000
2921	3000	3000
2922	3000	3000
2923	3000	3000
2924	3000	3000
2925	3000	3000
2926	3000	3000
2927	3000	3000
2928	3000	3000
2929	3000	3000
2930	3000	3000
2931	3000	3000
2932	3000	3000
2933	3000	3000
2934	3000	3000
2935	3000	3000
2936	3000	3000
2937	3000	3000
2938	3000	3000
2939	3000	3000
2940	3000	3000
2941	3000	3000
2942	3000	3000
2943	3000	3000
2944	3000	3000
2945	3000	3000
2946	3000	3000
2947	3000	3000
2948	3000	3000
2949	3000	3000
2950	3000	3000
2951	3000	3000
2952	3000	3000
2953	3000	3000
2954	3000	3000
2955	3000	3000
2956	3000	3000
2957	3000	3000
2958	3000	3000
2959	3000	3000
2960	3000	3000
2961	3000	3000
2962	3000	3000
2963	3000	3000
2964	3000	3000
2965	3000	3000
2966	3000	3000
2967	3000	3000
2968	3000	3000
2969	3000	3000
2970	3000	3000
2971	3000	3000
2972	3000	3000
2973	3000	3000
2974	3000	3000
2975	3000	3000
2976	3000	3000
2977	3000	3000
2978	3000	3000
2979	3000	3000
2980	3000	3000
2981	3000	3000
2982	3000	3000
2983	3000	3000
2984	3000	3000
2985	3000	3000
2986	3000	3000
2987	3000	3000
2988	3000	3000
2989	3000	3000
2990	3000	3000
2991	3000	3000
2992	3000	3000
2993	3000	3000
2994	3000	3000
2995	3000	3000
2996	3000	3000
2997	3000	3000
2998	3000	3000
2999	3000	3000
