1	0.445856	0.377402	0.510813	0.115279	0.159319	0.122105	0	1	1	0
2	0.433343	0.439524	0.462643	0.119301	0.152412	0.074860	0	1	1	0
3	0.548252	0.472394	0.471413	0.118679	0.154124	0.101839	0	1	1	0
4	0.495578	0.442855	0.440297	0.139867	0.161209	0.130372	0	1	1	0
5	0.580185	0.460463	0.518298	0.106664	0.160999	0.059415	0	1	1	0
1	0.580944	0.462819	0.486407	0.156805	0.116296	0.156105	0	1	0	1
2	0.489950	0.464685	0.537477	0.122949	0.087850	0.133972	0	1	0	1
3	0.491542	0.471725	0.497103	0.139597	0.108678	0.153613	0	1	0	1
4	0.507303	0.566083	0.583551	0.124435	0.151980	0.079742	0	1	1	0
5	0.445778	0.410853	0.502597	0.066758	0.120775	0.054017	0	1	1	0
1	0.440556	0.438166	0.571134	0.096536	0.064494	0.150599	0	1	1	1
2	0.454823	0.529315	0.544104	0.141236	0.109164	0.118726	0	1	0	1
3	0.366795	0.372693	0.511445	0.134975	0.093281	0.140241	0	1	0	1
4	0.427259	0.474266	0.472204	0.106549	0.142833	0.081466	0	1	1	0
5	0.562017	0.605996	0.499884	0.120085	0.105607	0.124931	1	0	0	1
1	0.535512	0.537320	0.565170	0.151424	0.122935	0.125607	0	1	0	1
2	0.271127	0.365607	0.465600	0.143626	0.121320	0.164567	0	1	0	1
3	0.526157	0.411441	0.483937	0.091048	0.161618	0.070570	0	1	1	1
4	0.591041	0.517782	0.496091	0.130130	0.112502	0.144850	0	1	0	1
5	0.197974	0.434325	0.486833	0.060556	0.087972	0.148529	0	1	1	1
1	0.260973	0.368418	0.461568	0.143606	0.135185	0.133267	0	1	0	1
1	0.334209	0.441506	0.530351	0.084405	0.060669	0.145074	0	1	1	1
2	0.356784	0.449429	0.559334	0.086153	0.144260	0.058307	0	1	1	1
3	0.372835	0.431349	0.530192	0.077825	0.142454	0.068169	0	1	1	0
4	0.458135	0.433730	0.501849	0.127585	0.104214	0.067769	0	1	1	0
5	0.475425	0.373270	0.484562	0.123782	0.083919	0.160749	0	1	0	1
1	0.517426	0.536109	0.512666	0.080271	0.067087	0.146108	0	1	1	1
2	0.431337	0.492377	0.532301	0.047457	0.137596	0.090138	0	1	1	1
3	0.439095	0.372993	0.448236	0.113380	0.107090	0.114585	0	1	1	1
4	0.560460	0.508848	0.542374	0.046000	0.163353	0.117353	0	1	1	1
5	0.524416	0.426930	0.549898	0.127446	0.099367	0.129287	0	1	0	1
1	0.179160	0.364448	0.480196	0.038125	0.127092	0.088967	0	1	1	1
2	0.476551	0.471960	0.481101	0.085185	0.066575	0.145869	0	1	1	1
3	0.228569	0.471382	0.518821	0.115884	0.047264	0.163148	0	1	1	1
4	0.387993	0.507535	0.504361	0.076947	0.153440	0.076493	0	1	1	1
5	0.480983	0.436082	0.504477	0.094310	0.102285	0.146932	0	1	1	1
1	0.455734	0.402403	0.433227	0.115902	0.155541	0.083545	0	1	1	1
2	0.324446	0.474247	0.502814	0.137957	0.117251	0.123025	0	1	0	1
3	0.220878	0.445986	0.492931	0.100898	0.065171	0.165869	0	1	1	1
4	0.455952	0.473156	0.521238	0.128048	0.120733	0.155291	0	1	1	1
5	0.481078	0.488992	0.482248	0.154233	0.093018	0.149419	0	1	1	1
1	0.481078	0.488992	0.482248	0.154233	0.093018	0.149419	0	1	1	1
2	0.481078	0.488992	0.482248	0.154233	0.093018	0.149419	0	1	1	1
3	0.481078	0.488992	0.482248	0.154233	0.093018	0.149419	0	1	1	1
4	0.481078	0.488992	0.482248	0.154233	0.093018	0.149419	0	1	1	1
1	0.428334	0.523259	0.591343	0.124269	0.108506	0.130928	0	1	0	1
2	0.509207	0.471868	0.501481	0.160122	0.102347	0.139880	0	1	0	1
3	0.307555	0.445369	0.548998	0.127094	0.104001	0.129221	0	1	0	1
4	0.278015	0.444407	0.502629	0.076440	0.058639	0.135079	0	1	1	1
5	0.522034	0.479239	0.467687	0.077886	0.095962	0.173848	0	1	1	1
1	0.231701	0.502265	0.541275	0.117721	0.090919	0.127923	0	1	0	1
2	0.501267	0.488092	0.595233	0.152567	0.141654	0.171432	0	1	0	1
3	0.525902	0.482998	0.512417	0.083902	0.069063	0.147656	0	1	1	1
4	0.531754	0.493148	0.475434	0.070478	0.130183	0.059705	0	1	1	1
5	0.265305	0.435198	0.468188	0.084672	0.037023	0.121696	0	1	1	1
1	0.265305	0.435198	0.468188	0.084672	0.037023	0.121696	0	1	1	1
2	0.265305	0.435198	0.468188	0.084672	0.037023	0.121696	0	1	1	1
3	0.265305	0.435198	0.468188	0.084672	0.037023	0.121696	0	1	1	1
4	0.265305	0.435198	0.468188	0.084672	0.037023	0.121696	0	1	1	1
5	0.265305	0.435198	0.468188	0.084672	0.037023	0.121696	0	1	1	1
1	0.265305	0.435198	0.468188	0.084672	0.037023	0.121696	0	1	1	1
2	0.265305	0.435198	0.468188	0.084672	0.037023	0.121696	0	1	1	1
3	0.265305	0.435198	0.468188	0.084672	0.037023	0.121696	0	1	1	1
4	0.265305	0.435198	0.468188	0.084672	0.037023	0.121696	0	1	1	1
5	0.265305	0.435198	0.468188	0.084672	0.037023	0.121696	0	1	1	1
1	0.265305	0.435198	0.468188	0.084672	0.037023	0.121696	0	1	1	1
2	0.265305	0.435198	0.468188	0.084672	0.037023	0.121696	0	1	1	1
3	0.265305	0.435198	0.468188	0.084672	0.037023	0.121696	0	1	1	1
4	0.265305	0.435198	0.468188	0.084672	0.037023	0.121696	0	1	1	1
1	0.265305	0.435198	0.468188	0.084672	0.037023	0.121696	0	1	1	1
2	0.265305	0.435198	0.468188	0.084672	0.037023	0.121696	0	1	1	1
3	0.265305	0.435198	0.468188	0.084672	0.037023	0.121696	0	1	1	1
4	0.265305	0.435198	0.468188	0.084672	0.037023	0.121696	0	1	1	1
5	0.265305	0.435198	0.468188	0.084672	0.037023	0.121696	0	1	1	1
1	0.265305	0.435198	0.468188	0.084672	0.037023	0.121696	0	1	1	1
2	0.265305	0.435198	0.468188	0.084672	0.037023	0.121696	0	1	1	1
3	0.265305	0.435198	0.468188	0.084672	0.037023	0.121696	0	1	1	1
4	0.265305	0.435198	0.468188	0.084672	0.037023	0.121696	0	1	1	1
5	0.265305	0.435198	0.468188	0.084672	0.037023	0.121696	0	1	1	1
1	0.265305	0.435198	0.468188	0.084672	0.037023	0.121696	0	1	1	1
2	0.265305	0.435198	0.468188	0.084672	0.037023	0.121696	0	1	1	1
1	0.265305	0.435198	0.468188	0.084672	0.037023	0.121696	0	1	1	1
2	0.265305	0.435198	0.468188	0.084672	0.037023	0.121696	0	1	1	1
3	0.265305	0.435198	0.468188	0.084672	0.037023	0.121696	0	1	1	1
4	0.265305	0.435198	0.468188	0.084672	0.037023	0.121696	0	1	1	1
5	0.265305	0.435198	0.468188	0.084672	0.037023	0.121696	0	1	1	1
1	0.265305	0.435198	0.468188	0.084672	0.037023	0.121696	0	1	1	1
2	0.265305	0.435198	0.468188	0.084672	0.037023	0.121696	0	1	1	1
3	0.265305	0.435198	0.468188	0.084672	0.037023	0.121696	0	1	1	1
4	0.265305	0.435198	0.468188	0.084672	0.037023	0.121696	0	1	1	1
5	0.265305	0.435198	0.468188	0.084672	0.037023	0.121696	0	1	1	1
1	0.265305	0.435198	0.468188	0.084672	0.037023	0.121696	0	1	1	1
2	0.265305	0.435198	0.468188	0.084672	0.037023	0.121696	0	1	1	1
3	0.265305	0.435198	0.468188	0.084672	0.037023	0.121696	0	1	1	1
4	0.265305	0.435198	0.468188	0.084672	0.037023	0.121696	0	1	1	1
5	0.265305	0.435198	0.468188	0.084672	0.037023	0.121696	0	1	1	1
6	0.265305	0.435198	0.468188	0.084672	0.037023	0.121696	0	1	1	1
7	0.265305	0.435198	0.468188	0.084672	0.037023	0.121696	0	1	1	1
8	0.265305	0.435198	0.468188	0.084672	0.037023	0.121696	0	1	1	1
9	0.265305	0.435198	0.468188	0.084672	0.037023	0.121696	0	1	1	1
10	0.265305	0.435198	0.468188	0.084672	0.037023	0.121696	0	1	1	1
11	0.265305	0.435198	0.468188	0.084672	0.037023	0.121696	0	1	1	1
12	0.265305	0.435198	0.468188	0.084672	0.037023	0.121696	0	1	1	1
13	0.265305	0.435198	0.468188	0.084672	0.037023	0.121696	0	1	1	1
14	0.265305	0.435198	0.468188	0.084672	0.037023	0.121696	0	1	1	1
15	0.265305	0.435198	0.468188	0.084672	0.037023	0.121696	0	1	1	1
16	0.265305	0.435198	0.468188	0.084672	0.037023	0.121696	0	1	1	1
17	0.265305	0.435198	0.468188	0.084672	0.037023	0.121696	0	1	1	1
18	0.265305	0.435198	0.468188	0.084672	0.037023	0.121696	0	1	1	1
19	0.265305	0.435198	0.468188	0.084672	0.037023	0.121696	0	1	1	1
20	0.265305	0.435198	0.468188	0.084672	0.037023	0.121696	0	1	1	1
21	0.265305	0.435198	0.468188	0.084672	0.037023	0.121696	0	1	1	1
22	0.265305	0.435198	0.468188	0.084672	0.037023	0.121696	0	1	1	1
23	0.265305	0.435198	0.468188	0.084672	0.037023	0.121696	0	1	1	1
24	0.265305	0.435198	0.468188	0.084672	0.037023	0.121696	0	1	1	1
25	0.265305	0.435198	0.468188	0.084672	0.037023	0.121696	0	1	1	1
26	0.265305	0.435198	0.468188	0.084672	0.037023	0.121696	0	1	1	1
27	0.265305	0.435198	0.468188	0.084672	0.037023	0.121696	0	1	1	1
28	0.265305	0.435198	0.468188	0.084672	0.037023	0.121696	0	1	1	1
29	0.265305	0.435198	0.468188	0.084672	0.037023	0.121696	0	1	1	1
30	0.265305	0.435198	0.468188	0.084672	0.037023	0.121696	0	1	1	1
31	0.265305	0.435198	0.468188	0.084672	0.037023	0.121696	0	1	1	1
32	0.265305	0.435198	0.468188	0.084672	0.037023	0.121696	0	1	1	1
33	0.265305	0.435198	0.468188	0.084672	0.037023	0.121696	0	1	1	1
34	0.265305	0.435198	0.468188	0.084672	0.037023	0.121696	0	1	1	1
35	0.265305	0.435198	0.468188	0.084672	0.037023	0.121696	0	1	1	1
36	0.265305	0.435198	0.468188	0.084672	0.037023	0.121696	0	1	1	1
37	0.265305	0.435198	0.468188	0.084672	0.037023	0.121696	0	1	1	1
38	0.265305	0.435198	0.468188	0.084672	0.037023	0.121696	0	1	1	1
39	0.265305	0.435198	0.468188	0.084672	0.037023	0.121696	0	1	1	1
40	0.265305	0.435198	0.468188	0.084672	0.037023	0.121696	0	1	1	1
41	0.265305	0.435198	0.468188	0.084672	0.037023	0.121696	0	1	1	1
42	0.265305	0.435198	0.468188	0.084672	0.037023	0.121696	0	1	1	1
43	0.265305	0.435198	0.468188	0.084672	0.037023	0.121696	0	1	1	1
44	0.265305	0.435198	0.468188	0.084672	0.037023	0.121696	0	1	1	1
45	0.265305	0.435198	0.468188	0.084672	0.037023	0.121696	0	1	1	1
46	0.265305	0.435198	0.468188	0.084672	0.037023	0.121696	0	1	1	1
47	0.265305	0.435198	0.468188	0.084672	0.037023	0.121696	0	1	1	1
48	0.265305	0.435198	0.468188	0.084672	0.037023	0.121696	0	1	1	1
49	0.265305	0.435198	0.468188	0.084672	0.037023	0.121696	0	1	1	1
50	0.265305	0.435198	0.468188	0.084672	0.037023	0.121696	0	1	1	1
1	0.265305	0.435198	0.468188	0.084672	0.037023	0.121696	0	1	1	1
2	0.265305	0.435198	0.468188	0.084672	0.037023	0.121696	0	1	1	1
3	0.265305	0.435198	0.468188	0.084672	0.037023	0.121696	0	1	1	1
4	0.265305	0.435198	0.468188	0.084672	0.037023	0.121696	0	1	1	1
5	0.265305	0.435198	0.468188	0.084672	0.037023	0.121696	0	1	1	1
6	0.265305	0.435198	0.468188	0.084672	0.037023	0.121696	0	1	1	1
7	0.265305	0.435198	0.468188	0.084672	0.037023	0.121696	0	1	1	1
8	0.265305	0.435198	0.468188	0.084672	0.037023	0.121696	0	1	1	1
9	0.265305	0.435198	0.468188	0.084672	0.037023	0.121696	0	1	1	1
10	0.265305	0.435198	0.468188	0.084672	0.037023	0.121696	0	1	1	1
11	0.265305	0.435198	0.468188	0.084672	0.037023	0.121696	0	1	1	1
12	0.265305	0.435198	0.468188	0.084672	0.037023	0.121696	0	1	1	1
13	0.265305	0.435198	0.468188	0.084672	0.037023	0.121696	0	1	1	1
14	0.265305	0.435198	0.468188	0.084672	0.037023	0.121696	0	1	1	1
15	0.265305	0.435198	0.468188	0.084672	0.037023	0.121696	0	1	1	1
16	0.265305	0.435198	0.468188	0.084672	0.037023	0.121696	0	1	1	1
17	0.265305	0.435198	0.468188	0.084672	0.037023	0.121696	0	1	1	1
18	0.265305	0.435198	0.468188	0.084672	0.037023	0.121696	0	1	1	1
19	0.265305	0.435198	0.468188	0.084672	0.037023	0.121696	0	1	1	1
20	0.265305	0.435198	0.468188	0.084672	0.037023	0.121696	0	1	1	1
21	0.265305	0.435198	0.468188	0.084672	0.037023	0.121696	0	1	1	1
22	0.265305	0.435198	0.468188	0.084672	0.037023	0.121696	0	1	1	1
23	0.265305	0.435198	0.468188	0.084672	0.037023	0.121696	0	1	1	1
24	0.265305	0.435198	0.468188	0.084672	0.037023	0.121696	0	1	1	1
25	0.265305	0.435198	0.468188	0.084672	0.037023	0.121696	0	1	1	1
26	0.265305	0.435198	0.468188	0.084672	0.037023	0.121696	0	1	1	1
27	0.265305	0.435198	0.468188	0.084672	0.037023	0.121696	0	1	1	1
28	0.265305	0.435198	0.468188	0.084672	0.037023	0.121696	0	1	1	1
29	0.265305	0.435198	0.468188	0.084672	0.037023	0.121696	0	1	1	1
30	0.265305	0.435198	0.468188	0.084672	0.037023	0.121696	0	1	1	1
31	0.265305	0.435198	0.468188	0.084672	0.037023	0.121696	0	1	1	1
32	0.265305	0.435198	0.468188	0.084672	0.037023	0.121696	0	1	1	1
33	0.265305	0.435198	0.468188	0.084672	0.037023	0.121696	0	1	1	1
34	0.265305	0.435198	0.468188	0.084672	0.037023	0.121696	0	1	1	1
35	0.265305	0.435198	0.468188	0.084672	0.037023	0.121696	0	1	1	1
36	0.265305	0.435198	0.468188	0.084672	0.037023	0.121696	0	1	1	1
37	0.265305	0.435198	0.468188	0.084672	0.037023	0.121696	0	1	1	1
38	0.265305	0.435198	0.468188	0.084672	0.037023	0.121696	0	1	1	1
39	0.265305	0.435198	0.468188	0.084672	0.037023	0.121696	0	1	1	1
40	0.265305	0.435198	0.468188	0.084672	0.037023	0.121696	0	1	1	1
41	0.265305	0.435198	0.468188	0.084672	0.037023	0.121696	0	1	1	1
42	0.265305	0.435198	0.468188	0.084672	0.037023	0.121696	0	1	1	1
43	0.265305	0.435198	0.468188	0.084672	0.037023	0.121696	0	1	1	1
44	0.265305	0.435198	0.468188	0.084672	0.037023	0.121696	0	1	1	1
45	0.265305	0.435198	0.468188	0.084672	0.037023	0.121696	0	1	1	1
46	0.265305	0.435198	0.468188	0.084672	0.037023	0.121696	0	1	1	1
47	0.265305	0.435198	0.468188	0.084672	0.037023	0.121696	0	1	1	1
48	0.265305	0.435198	0.468188	0.084672	0.037023	0.121696	0	1	1	1
49	0.265305	0.435198	0.468188	0.084672	0.037023	0.121696	0	1	1	1
50	0.265305	0.435198	0.468188	0.084672	0.037023	0.121696	0	1	1	1
1	0.265305	0.435198	0.468188	0.084672	0.037023	0.121696	0	1	1	1
2	0.265305	0.435198	0.468188	0.084672	0.037023	0.121696	0	1	1	1
3	0.265305	0.435198	0.468188	0.084672	0.037023	0.121696	0	1	1	1
4	0.265305	0.435198	0.468188	0.084672	0.037023	0.121696	0	1	1	1
5	0.265305	0.435198	0.468188	0.084672	0.037023	0.121696	0	1	1	1
6	0.265305	0.435198	0.468188	0.084672	0.037023	0.121696	0	1	1	1
7	0.265305	0.435198	0.468188	0.084672	0.037023	0.121696	0	1	1	1
8	0.265305	0.435198	0.468188	0.084672	0.037023	0.121696	0	1	1	1
9	0.265305	0.435198	0.468188	0.084672	0.037023	0.121696	0	1	1	1
10	0.265305	0.435198	0.468188	0.084672	0.037023	0.121696	0	1	1	1
11	0.265305	0.435198	0.468188	0.084672	0.037023	0.121696	0	1	1	1
12	0.265305	0.435198	0.468188	0.084672	0.037023	0.121696	0	1	1	1
13	0.265305	0.435198	0.468188	0.084672	0.037023	0.121696	0	1	1	1
14	0.265305	0.435198	0.468188	0.084672	0.037023	0.121696	0	1	1	1
15	0.265305	0.435198	0.468188	0.084672	0.037023	0.121696	0	1	1	1
16	0.265305	0.435198	0.468188	0.084672	0.037023	0.121696	0	1	1	1
17	0.265305	0.435198	0.468188	0.084672	0.037023	0.121696	0	1	1	1
18	0.265305	0.435198	0.468188	0.084672	0.037023	0.121696	0	1	1	1
19	0.265305	0.435198	0.468188	0.084672	0.037023	0.121696	0	1	1	1
20	0.265305	0.435198	0.468188	0.084672	0.037023	0.121696	0	1	1	1
21	0.265305	0.435198	0.468188	0.084672	0.037023	0.121696	0	1	1	1
22	0.265305	0.435198	0.468188	0.084672	0.037023	0.121696	0	1	1	1
23	0.265305	0.435198	0.468188	0.084672	0.037023	0.121696	0	1	1	1
24	0.265305	0.435198	0.468188	0.084672	0.037023	0.121696	0	1	1	1
25	0.265305	0.435198	0.468188	0.084672	0.037023	0.121696	0	1	1	1
26	0.265305	0.435198	0.468188	0.084672	0.037023	0.121696	0	1	1	1
27	0.265305	0.435198	0.468188	0.084672	0.037023	0.121696	0	1	1	1
28	0.265305	0.435198	0.468188	0.084672	0.037023	0.121696	0	1	1	1
29	0.265305	0.435198	0.468188	0.084672	0.037023	0.121696	0	1	1	1
30	0.265305	0.435198	0.468188	0.084672	0.037023	0.121696	0	1	1	1
31	0.265305	0.435198	0.468188	0.084672	0.037023	0.121696	0	1	1	1
32	0.265305	0.435198	0.468188	0.084672	0.037023	0.121696	0	1	1	1
33	0.265305	0.435198	0.468188	0.084672	0.037023	0.121696	0	1	1	1
34	0.265305	0.435198	0.468188	0.084672	0.037023	0.121696	0	1	1	1
35	0.265305	0.435198	0.468188	0.084672	0.037023	0.121696	0	1	1	1
36	0.265305	0.435198	0.468188	0.084672	0.037023	0.121696	0	1	1	1
37	0.265305	0.435198	0.468188	0.084672	0.037023	0.121696	0	1	1	1
38	0.265305	0.435198	0.468188	0.084672	0.037023	0.121696	0	1	1	1
39	0.265305	0.435198	0.468188	0.084672	0.037023	0.121696	0	1	1	1
40	0.265305	0.435198	0.468188	0.084672	0.037023	0.121696	0	1	1	1
41	0.265305	0.435198	0.468188	0.084672	0.037023	0.121696	0	1	1	1
42	0.265305	0.435198	0.468188	0.084672	0.037023	0.121696	0	1	1	1
43	0.265305	0.435198	0.468188	0.084672	0.037023	0.121696	0	1	1	1
44	0.265305	0.435198	0.468188	0.084672	0.037023	0.121696	0	1	1	1
45	0.265305	0.435198	0.468188	0.084672	0.037023	0.121696	0	1	1	1
46	0.265305	0.435198	0.468188	0.084672	0.037023	0.121696	0	1	1	1
47	0.265305	0.435198	0.468188	0.084672	0.037023	0.121696	0	1	1	1
48	0.265305	0.435198	0.468188	0.084672	0.037023	0.121696	0	1	1	1
49	0.265305	0.435198	0.468188	0.084672	0.037023	0.121696	0	1	1	1
50	0.265305	0.435198	0.468188	0.084672	0.037023	0.121696	0	1	1	1
1	0.265305	0.435198	0.468188	0.084672	0.037023	0.121696	0	1	1	1
2	0.265305	0.435198	0.468188	0.084672	0.037023	0.121696	0	1	1	1
3	0.265305	0.435198	0.468188	0.084672	0.037023	0.121696	0	1	1	1
4	0.265305	0.435198	0.468188	0.084672	0.037023	0.121696	0	1	1	1
5	0.265305	0.435198	0.468188	0.084672	0.037023	0.121696	0	1	1	1
6	0.265305	0.435198	0.468188	0.084672	0.037023	0.121696	0	1	1	1
7	0.265305	0.435198	0.468188	0.084672	0.037023	0.121696	0	1	1	1
8	0.265305	0.435198	0.468188	0.084672	0.037023	0.121696	0	1	1	1
9	0.265305	0.435198	0.468188	0.084672	0.037023	0.121696	0	1	1	1
10	0.265305	0.435198	0.468188	0.084672	0.037023	0.121696	0	1	1	1
11	0.265305	0.435198	0.468188	0.084672	0.037023	0.121696	0	1	1	1
12	0.265305	0.435198	0.468188	0.084672	0.037023	0.121696	0	1	1	1
13	0.265305	0.435198	0.468188	0.084672	0.037023	0.121696	0	1	1	1
14	0.265305	0.435198	0.468188	0.084672	0.037023	0.121696	0	1	1	1
15	0.265305	0.435198	0.468188	0.084672	0.037023	0.121696	0	1	1	1
16	0.265305	0.435198	0.468188	0.084672	0.037023	0.121696	0	1	1	1
17	0.265305	0.435198	0.468188	0.084672	0.037023	0.121696	0	1	1	1
18	0.265305	0.435198	0.468188	0.084672	0.037023	0.121696	0	1	1	1
19	0.265305	0.435198	0.468188	0.084672	0.037023	0.121696	0	1	1	1
20	0.265305	0.435198	0.468188	0.084672	0.037023	0.121696	0	1	1	1
21	0.265305	0.435198	0.468188	0.084672	0.037023	0.121696	0	1	1	1
22	0.265305	0.435198	0.468188	0.084672	0.037023	0.121696	0	1	1	1
23	0.265305	0.435198	0.468188	0.084672	0.037023	0.121696	0	1	1	1
24	0.265305	0.435198	0.468188	0.084672	0.037023	0.121696	0	1	1	1
25	0.265305	0.435198	0.468188	0.084672	0.037023	0.121696	0	1	1	1
26	0.265305	0.435198	0.468188	0.084672	0.037023	0.121696	0	1	1	1
27	0.265305	0.435198	0.468188	0.084672	0.037023	0.121696	0	1	1	1
28	0.265305	0.435198	0.468188	0.084672	0.037023	0.121696	0	1	1	1
29	0.265305	0.435198	0.468188	0.084672	0.037023	0.121696	0	1	1	1
30	0.265305	0.435198	0.468188	0.084672	0.037023	0.121696	0	1	1	1
31	0.265305	0.435198	0.468188	0.084672	0.037023	0.121696	0	1	1	1
32	0.265305	0.435198	0.468188	0.084672	0.037023	0.121696	0	1	1	1
33	0.265305	0.435198	0.468188	0.084672	0.037023	0.121696	0	1	1	1
34	0.265305	0.435198	0.468188	0.084672	0.037023	0.121696	0	1	1	1
35	0.265305	0.435198	0.468188	0.084672	0.037023	0.121696	0	1	1	1
36	0.265305	0.435198	0.468188	0.084672	0.037023	0.121696	0	1	1	1
37	0.265305	0.435198	0.468188	0.084672	0.037023	0.121696	0	1	1	1
38	0.265305	0.435198	0.468188	0.084672	0.037023	0.121696	0	1	1	1
39	0.265305	0.435198	0.468188	0.084672	0.037023	0.121696	0	1	1	1
40	0.265305	0.435198	0.468188	0.084672	0.037023	0.121696	0	1	1	1
41	0.265305	0.435198	0.468188	0.084672	0.037023	0.121696	0	1	1	1
42	0.265305	0.435198	0.468188	0.084672	0.037023	0.121696	0	1	1	1
43	0.265305	0.435198	0.468188	0.084672	0.037023	0.121696	0	1	1	1
44	0.265305	0.435198	0.468188	0.084672	0.037023	0.121696	0	1	1	1
45	0.265305	0.435198	0.468188	0.084672	0.037023	0.121696	0	1	1	1
46	0.265305	0.435198	0.468188	0.084672	0.037023	0.121696	0	1	1	1
47	0.265305	0.435198	0.468188	0.084672	0.037023	0.121696	0	1	1	1
48	0.265305	0.435198	0.468188	0.084672	0.037023	0.121696	0	1	1	1
49	0.265305	0.435198	0.468188	0.084672	0.037023	0.121696	0	1	1	1
50	0.265305	0.435198	0.468188	0.084672	0.037023	0.121696	0	1	1	1
1	0.265305	0.435198	0.468188	0.084672	0.037023	0.121696	0	1	1	1
2	0.265305	0.435198	0.468188	0.084672	0.037023	0.121696	0	1	1	1
3	0.265305	0.435198	0.468188	0.084672	0.037023	0.121696	0	1	1	1
4	0.265305	0.435198	0.468188	0.084672	0.037023	0.121696	0	1	1	1
5	0.265305	0.435198	0.468188	0.084672	0.037023	0.121696	0	1	1	1
6	0.265305	0.435198	0.468188	0.084672	0.037023	0.121696	0	1	1	1
1	0.265305	0.435198	0.468188	0.084672	0.037023	0.121696	0	1	1	1
2	0.265305	0.435198	0.468188	0.084672	0.037023	0.121696	0	1	1	1
3	0.265305	0.435198	0.468188	0.084672	0.037023	0.121696	0	1	1	1
4	0.265305	0.435198	0.468188	0.084672	0.037023	0.121696	0	1	1	1
5	0.265305	0.435198	0.468188	0.084672	0.037023	0.121696	0	1	1	1
6	0.265305	0.435198	0.468188	0.084672	0.037023	0.121696	0	1	1	1
7	0.265305	0.435198	0.468188	0.084672	0.037023	0.121696	0	1	1	1
8	0.265305	0.435198	0.468188	0.084672	0.037023	0.121696	0	1	1	1
9	0.265305	0.435198	0.468188	0.084672	0.037023	0.121696	0	1	1	1
10	0.265305	0.435198	0.468188	0.084672	0.037023	0.121696	0	1	1	1
11	0.265305	0.435198	0.468188	0.084672	0.037023	0.121696	0	1	1	1
12	0.265305	0.435198	0.468188	0.084672	0.037023	0.121696	0	1	1	1
13	0.265305	0.435198	0.468188	0.084672	0.037023	0.121696	0	1	1	1
14	0.265305	0.435198	0.468188	0.084672	0.037023	0.121696	0	1	1	1
15	0.265305	0.435198	0.468188	0.084672	0.037023	0.121696	0	1	1	1
16	0.265305	0.435198	0.468188	0.084672	0.037023	0.121696	0	1	1	1
17	0.265305	0.435198	0.468188	0.084672	0.037023	0.121696	0	1	1	1
18	0.265305	0.435198	0.468188	0.084672	0.037023	0.121696	0	1	1	1
19	0.265305	0.435198	0.468188	0.084672	0.037023	0.121696	0	1	1	1
20	0.265305	0.435198	0.468188	0.084672	0.037023	0.121696	0	1	1	1
21	0.265305	0.435198	0.468188	0.084672	0.037023	0.121696	0	1	1	1
22	0.265305	0.435198	0.468188	0.084672	0.037023	0.121696	0	1	1	1
23	0.265305	0.435198	0.468188	0.084672	0.037023	0.121696	0	1	1	1
24	0.265305	0.435198	0.468188	0.084672	0.037023	0.121696	0	1	1	1
25	0.265305	0.435198	0.468188	0.084672	0.037023	0.121696	0	1	1	1
26	0.265305	0.435198	0.468188	0.084672	0.037023	0.121696	0	1	1	1
27	0.265305	0.435198	0.468188	0.084672	0.037023	0.121696	0	1	1	1
28	0.265305	0.435198	0.468188	0.084672	0.037023	0.121696	0	1	1	1
29	0.265305	0.435198	0.468188	0.084672	0.037023	0.121696	0	1	1	1
30	0.265305	0.435198	0.468188	0.084672	0.037023	0.121696	0	1	1	1
31	0.265305	0.435198	0.468188	0.084672	0.037023	0.121696	0	1	1	1
32	0.265305	0.435198	0.468188	0.084672	0.037023	0.121696	0	1	1	1
33	0.265305	0.435198	0.468188	0.084672	0.037023	0.121696	0	1	1	1
34	0.265305	0.435198	0.468188	0.084672	0.037023	0.121696	0	1	1	1
35	0.265305	0.435198	0.468188	0.084672	0.037023	0.121696	0	1	1	1
36	0.265305	0.435198	0.468188	0.084672	0.037023	0.121696	0	1	1	1
37	0.265305	0.435198	0.468188	0.084672	0.037023	0.121696	0	1	1	1
38	0.265305	0.435198	0.468188	0.084672	0.037023	0.121696	0	1	1	1
39	0.265305	0.435198	0.468188	0.084672	0.037023	0.121696	0	1	1	1
40	0.265305	0.435198	0.468188	0.084672	0.037023	0.121696	0	1	1	1
41	0.265305	0.435198	0.468188	0.084672	0.037023	0.121696	0	1	1	1
42	0.265305	0.435198	0.468188	0.084672	0.037023	0.121696	0	1	1	1
43	0.265305	0.435198	0.468188	0.084672	0.037023	0.121696	0	1	1	1
44	0.265305	0.435198	0.468188	0.084672	0.037023	0.121696	0	1	1	1
45	0.265305	0.435198	0.468188	0.084672	0.037023	0.121696	0	1	1	1
46	0.265305	0.435198	0.468188	0.084672	0.037023	0.121696	0	1	1	1
47	0.265305	0.435198	0.468188	0.084672	0.037023	0.121696	0	1	1	1
48	0.265305	0.435198	0.468188	0.084672	0.037023	0.121696	0	1	1	1
49	0.265305	0.435198	0.468188	0.084672	0.037023	0.121696	0	1	1	1
50	0.265305	0.435198	0.468188	0.084672	0.037023	0.121696	0	1	1	1
1	0.265305	0.435198	0.468188	0.084672	0.037023	0.121696	0	1	1	1
2	0.265305	0.435198	0.468188	0.084672	0.037023	0.121696	0	1	1	1
3	0.265305	0.435198	0.468188	0.084672	0.037023	0.121696	0	1	1	1
4	0.265305	0.435198	0.468188	0.084672	0.037023	0.121696	0	1	1	1
5	0.265305	0.435198	0.468188	0.084672	0.037023	0.121696	0	1	1	1
6	0.265305	0.435198	0.468188	0.084672	0.037023	0.121696	0	1	1	1
7	0.265305	0.435198	0.468188	0.084672	0.037023	0.121696	0	1	1	1
8	0.265305	0.435198	0.468188	0.084672	0.037023	0.121696	0	1	1	1
9	0.265305	0.435198	0.468188	0.084672	0.037023	0.121696	0	1	1	1
10	0.265305	0.435198	0.468188	0.084672	0.037023	0.121696	0	1	1	1
11	0.265305	0.435198	0.468188	0.084672	0.037023	0.121696	0	1	1	1
12	0.265305	0.435198	0.468188	0.084672	0.037023	0.121696	0	1	1	1
13	0.265305	0.435198	0.468188	0.084672	0.037023	0.121696	0	1	1	1
14	0.265305	0.435198	0.468188	0.084672	0.037023	0.121696	0	1	1	1
15	0.265305	0.435198	0.468188	0.084672	0.037023	0.121696	0	1	1	1
16	0.265305	0.435198	0.468188	0.084672	0.037023	0.121696	0	1	1	1
17	0.265305	0.435198	0.468188	0.084672	0.037023	0.121696	0	1	1	1
18	0.265305	0.435198	0.468188	0.084672	0.037023	0.121696	0	1	1	1
19	0.265305	0.435198	0.468188	0.084672	0.037023	0.121696	0	1	1	1
20	0.265305	0.435198	0.468188	0.084672	0.037023	0.121696	0	1	1	1
21	0.265305	0.435198	0.468188	0.084672	0.037023	0.121696	0	1	1	1
22	0.265305	0.435198	0.468188	0.084672	0.037023	0.121696	0	1	1	1
23	0.265305	0.435198	0.468188	0.084672	0.037023	0.121696	0	1	1	1
24	0.265305	0.435198	0.468188	0.084672	0.037023	0.121696	0	1	1	1
25	0.265305	0.435198	0.468188	0.084672	0.037023	0.121696	0	1	1	1
26	0.265305	0.435198	0.468188	0.084672	0.037023	0.121696	0	1	1	1
27	0.265305	0.435198	0.468188	0.084672	0.037023	0.121696	0	1	1	1
28	0.265305	0.435198	0.468188	0.084672	0.037023	0.121696	0	1	1	1
29	0.265305	0.435198	0.468188	0.084672	0.037023	0.121696	0	1	1	1
30	0.265305	0.435198	0.468188	0.084672	0.037023	0.121696	0	1	1	1
31	0.265305	0.435198	0.468188	0.084672	0.037023	0.121696	0	1	1	1
32	0.265305	0.435198	0.468188	0.084672	0.037023	0.121696	0	1	1	1
33	0.265305	0.435198	0.468188	0.084672	0.037023	0.121696	0	1	1	1
34	0.265305	0.435198	0.468188	0.084672	0.037023	0.121696	0	1	1	1
35	0.265305	0.435198	0.468188	0.084672	0.037023	0.121696	0	1	1	1
36	0.265305	0.435198	0.468188	0.084672	0.037023	0.121696	0	1	1	1
37	0.265305	0.435198	0.468188	0.084672	0.037023	0.121696	0	1	1	1
38	0.265305	0.435198	0.468188	0.084672	0.037023	0.121696	0	1	1	1
39	0.265305	0.435198	0.468188	0.084672	0.037023	0.121696	0	1	1	1
40	0.265305	0.435198	0.468188	0.084672	0.037023	0.121696	0	1	1	1
41	0.265305	0.435198	0.468188	0.084672	0.037023	0.121696	0	1	1	1
42	0.265305	0.435198	0.468188	0.084672	0.037023	0.121696	0	1	1	1
43	0.265305	0.435198	0.468188	0.084672	0.037023	0.121696	0	1	1	1
44	0.265305	0.435198	0.468188	0.084672	0.037023	0.121696	0	1	1	1
45	0.265305	0.435198	0.468188	0.084672	0.037023	0.121696	0	1	1	1
46	0.265305	0.435198	0.468188	0.084672	0.037023	0.121696	0	1	1	1
47	0.265305	0.435198	0.468188	0.084672	0.037023	0.121696	0	1	1	1
48	0.265305	0.435198	0.468188	0.084672	0.037023	0.121696	0	1	1	1
1	0.265305	0.435198	0.468188	0.084672	0.037023	0.121696	0	1	1	1
2	0.265305	0.435198	0.468188	0.084672	0.037023	0.121696	0	1	1	1
3	0.265305	0.435198	0.468188	0.084672	0.037023	0.121696	0	1	1	1
4	0.265305	0.435198	0.468188	0.084672	0.037023	0.121696	0	1	1	1
5	0.265305	0.435198	0.468188	0.084672	0.037023	0.121696	0	1	1	1
6	0.265305	0.435198	0.468188	0.084672	0.037023	0.121696	0	1	1	1
7	0.265305	0.435198	0.468188	0.084672	0.037023	0.121696	0	1	1	1
8	0.265305	0.435198	0.468188	0.084672	0.037023	0.121696	0	1	1	1
9	0.265305	0.435198	0.468188	0.084672	0.037023	0.121696	0	1	1	1
10	0.265305	0.435198	0.468188	0.084672	0.037023	0.121696	0	1	1	1
11	0.265305	0.435198	0.468188	0.084672	0.037023	0.121696	0	1	1	1
12	0.265305	0.435198	0.468188	0.084672	0.037023	0.121696	0	1	1	1
13	0.265305	0.435198	0.468188	0.084672	0.037023	0.121696	0	1	1	1
14	0.265305	0.435198	0.468188	0.084672	0.037023	0.121696	0	1	1	1
15	0.265305	0.435198	0.468188	0.084672	0.037023	0.121696	0	1	1	1
16	0.265305	0.435198	0.468188	0.084672	0.037023	0.121696	0	1	1	1
17	0.265305	0.435198	0.468188	0.084672	0.037023	0.121696	0	1	1	1
18	0.265305	0.435198	0.468188	0.084672	0.037023	0.121696	0	1	1	1
19	0.265305	0.435198	0.468188	0.084672	0.037023	0.121696	0	1	1	1
20	0.265305	0.435198	0.468188	0.084672	0.037023	0.121696	0	1	1	1
21	0.265305	0.435198	0.468188	0.084672	0.037023	0.121696	0	1	1	1
22	0.265305	0.435198	0.468188	0.084672	0.037023	0.121696	0	1	1	1
23	0.265305	0.435198	0.468188	0.084672	0.037023	0.121696	0	1	1	1
24	0.265305	0.435198	0.468188	0.084672	0.037023	0.121696	0	1	1	1
25	0.265305	0.435198	0.468188	0.084672	0.037023	0.121696	0	1	1	1
26	0.265305	0.435198	0.468188	0.084672	0.037023	0.121696	0	1	1	1
27	0.265305	0.435198	0.468188	0.084672	0.037023	0.121696	0	1	1	1
28	0.265305	0.435198	0.468188	0.084672	0.037023	0.121696	0	1	1	1
29	0.265305	0.435198	0.468188	0.084672	0.037023	0.121696	0	1	1	1
30	0.265305	0.435198	0.468188	0.084672	0.037023	0.121696	0	1	1	1
31	0.265305	0.435198	0.468188	0.084672	0.037023	0.121696	0	1	1	1
32	0.265305	0.435198	0.468188	0.084672	0.037023	0.121696	0	1	1	1
33	0.265305	0.435198	0.468188	0.084672	0.037023	0.121696	0	1	1	1
34	0.265305	0.435198	0.468188	0.084672	0.037023	0.121696	0	1	1	1
35	0.265305	0.435198	0.468188	0.084672	0.037023	0.121696	0	1	1	1
36	0.265305	0.435198	0.468188	0.084672	0.037023	0.121696	0	1	1	1
37	0.265305	0.435198	0.468188	0.084672	0.037023	0.121696	0	1	1	1
38	0.265305	0.435198	0.468188	0.084672	0.037023	0.121696	0	1	1	1
39	0.265305	0.435198	0.468188	0.084672	0.037023	0.121696	0	1	1	1
40	0.265305	0.435198	0.468188	0.084672	0.037023	0.121696	0	1	1	1
41	0.265305	0.435198	0.468188	0.084672	0.037023	0.121696	0	1	1	1
42	0.265305	0.435198	0.468188	0.084672	0.037023	0.121696	0	1	1	1
43	0.265305	0.435198	0.468188	0.084672	0.037023	0.121696	0	1	1	1
44	0.265305	0.435198	0.468188	0.084672	0.037023	0.121696	0	1	1	1
45	0.265305	0.435198	0.468188	0.084672	0.037023	0.121696	0	1	1	1
46	0.265305	0.435198	0.468188	0.084672	0.037023	0.121696	0	1	1	1
47	0.265305	0.435198	0.468188	0.084672	0.037023	0.121696	0	1	1	1
48	0.265305	0.435198	0.468188	0.084672	0.037023	0.121696	0	1	1	1
49	0.265305	0.435198	0.468188	0.084672	0.037023	0.121696	0	1	1	1
50	0.265305	0.435198	0.468188	0.084672	0.037023	0.121696	0	1	1	1
1	0.265305	0.435198	0.468188	0.084672	0.037023	0.121696	0	1	1	1
2	0.265305	0.435198	0.468188	0.084672	0.037023	0.121696	0	1	1	1
3	0.265305	0.435198	0.468188	0.084672	0.037023	0.121696	0	1	1	1
4	0.265305	0.435198	0.468188	0.084672	0.037023	0.121696	0	1	1	1
5	0.265305	0.435198	0.468188	0.084672	0.037023	0.121696	0	1	1	1
6	0.265305	0.435198	0.468188	0.084672	0.037023	0.121696	0	1	1	1
7	0.265305	0.435198	0.468188	0.084672	0.037023	0.121696	0	1	1	1
8	0.265305	0.435198	0.468188	0.084672	0.037023	0.121696	0	1	1	1
9	0.265305	0.435198	0.468188	0.084672	0.037023	0.121696	0	1	1	1
10	0.265305	0.435198	0.468188	0.084672	0.037023	0.121696	0	1	1	1
11	0.265305	0.435198	0.468188	0.084672	0.037023	0.121696	0	1	1	1
12	0.265305	0.435198	0.468188	0.084672	0.037023	0.121696	0	1	1	1
13	0.265305	0.435198	0.468188	0.084672	0.037023	0.121696	0	1	1	1
14	0.265305	0.435198	0.468188	0.084672	0.037023	0.121696	0	1	1	1
15	0.265305	0.435198	0.468188	0.084672	0.037023	0.121696	0	1	1	1
16	0.265305	0.435198	0.468188	0.084672	0.037023	0.121696	0	1	1	1
17	0.265305	0.435198	0.468188	0.084672	0.037023	0.121696	0	1	1	1
18	0.265305	0.435198	0.468188	0.084672	0.037023	0.121696	0	1	1	1
19	0.265305	0.435198	0.468188	0.084672	0.037023	0.121696	0	1	1	1
20	0.265305	0.435198	0.468188	0.084672	0.037023	0.121696	0	1	1	1
21	0.265305	0.435198	0.468188	0.084672	0.037023	0.121696	0	1	1	1
22	0.265305	0.435198	0.468188	0.084672	0.037023	0.121696	0	1	1	1
23	0.265305	0.435198	0.468188	0.084672	0.037023	0.121696	0	1	1	1
24	0.265305	0.435198	0.468188	0.084672	0.037023	0.121696	0	1	1	1
25	0.265305	0.435198	0.468188	0.084672	0.037023	0.121696	0	1	1	1
26	0.265305	0.435198	0.468188	0.084672	0.037023	0.121696	0	1	1	1
27	0.265305	0.435198	0.468188	0.084672	0.037023	0.121696	0	1	1	1
28	0.265305	0.435198	0.468188	0.084672	0.037023	0.121696	0	1	1	1
29	0.265305	0.435198	0.468188	0.084672	0.037023	0.121696	0	1	1	1
30	0.265305	0.435198	0.468188	0.084672	0.037023	0.121696	0	1	1	1
31	0.265305	0.435198	0.468188	0.084672	0.037023	0.121696	0	1	1	1
32	0.265305	0.435198	0.468188	0.084672	0.037023	0.121696	0	1	1	1
33	0.265305	0.435198	0.468188	0.084672	0.037023	0.121696	0	1	1	1
34	0.265305	0.435198	0.468188	0.084672	0.037023	0.121696	0	1	1	1
35	0.265305	0.435198	0.468188	0.084672	0.037023	0.121696	0	1	1	1
36	0.265305	0.435198	0.468188	0.084672	0.037023	0.121696	0	1	1	1
37	0.265305	0.435198	0.468188	0.084672	0.037023	0.121696	0	1	1	1
38	0.265305	0.435198	0.468188	0.084672	0.037023	0.121696	0	1	1	1
39	0.265305	0.435198	0.468188	0.084672	0.037023	0.121696	0	1	1	1
40	0.265305	0.435198	0.468188	0.084672	0.037023	0.121696	0	1	1	1
41	0.265305	0.435198	0.468188	0.084672	0.037023	0.121696	0	1	1	1
42	0.265305	0.435198	0.468188	0.084672	0.037023	0.121696	0	1	1	1
43	0.265305	0.435198	0.468188	0.084672	0.037023	0.121696	0	1	1	1
44	0.265305	0.435198	0.468188	0.084672	0.037023	0.121696	0	1	1	1
45	0.265305	0.435198	0.468188	0.084672	0.037023	0.121696	0	1	1	1
46	0.265305	0.435198	0.468188	0.084672	0.037023	0.121696	0	1	1	1
47	0.265305	0.435198	0.468188	0.084672	0.037023	0.121696	0	1	1	1
48	0.265305	0.435198	0.468188	0.084672	0.037023	0.121696	0	1	1	1
49	0.265305	0.435198	0.468188	0.084672	0.037023	0.121696	0	1	1	1
50	0.265305	0.435198	0.468188	0.084672	0.037023	0.121696	0	1	1	1
1	0.265305	0.435198	0.468188	0.084672	0.037023	0.121696	0	1	1	1
2	0.265305	0.435198	0.468188	0.084672	0.037023	0.121696	0	1	1	1
3	0.265305	0.435198	0.468188	0.084672	0.037023	0.121696	0	1	1	1
4	0.265305	0.435198	0.468188	0.084672	0.037023	0.121696	0	1	1	1
5	0.265305	0.435198	0.468188	0.084672	0.037023	0.121696	0	1	1	1
6	0.265305	0.435198	0.468188	0.084672	0.037023	0.121696	0	1	1	1
7	0.265305	0.435198	0.468188	0.084672	0.037023	0.121696	0	1	1	1
8	0.265305	0.435198	0.468188	0.084672	0.037023	0.121696	0	1	1	1
9	0.265305	0.435198	0.468188	0.084672	0.037023	0.121696	0	1	1	1
10	0.265305	0.435198	0.468188	0.084672	0.037023	0.121696	0	1	1	1
11	0.265305	0.435198	0.468188	0.084672	0.037023	0.121696	0	1	1	1
12	0.265305	0.435198	0.468188	0.084672	0.037023	0.121696	0	1	1	1
13	0.265305	0.435198	0.468188	0.084672	0.037023	0.121696	0	1	1	1
14	0.265305	0.435198	0.468188	0.084672	0.037023	0.121696	0	1	1	1
15	0.265305	0.435198	0.468188	0.084672	0.037023	0.121696	0	1	1	1
16	0.265305	0.435198	0.468188	0.084672	0.037023	0.121696	0	1	1	1
17	0.265305	0.435198	0.468188	0.084672	0.037023	0.121696	0	1	1	1
18	0.265305	0.435198	0.468188	0.084672	0.037023	0.121696	0	1	1	1
19	0.265305	0.435198	0.468188	0.084672	0.037023	0.121696	0	1	1	1
20	0.265305	0.435198	0.468188	0.084672	0.037023	0.121696	0	1	1	1
21	0.265305	0.435198	0.468188	0.084672	0.037023	0.121696	0	1	1	1
22	0.265305	0.435198	0.468188	0.084672	0.037023	0.121696	0	1	1	1
23	0.265305	0.435198	0.468188	0.084672	0.037023	0.121696	0	1	1	1
24	0.265305	0.435198	0.468188	0.084672	0.037023	0.121696	0	1	1	1
25	0.265305	0.435198	0.468188	0.084672	0.037023	0.121696	0	1	1	1
26	0.265305	0.435198	0.468188	0.084672	0.037023	0.121696	0	1	1	1
27	0.265305	0.435198	0.468188	0.084672	0.037023	0.121696	0	1	1	1
28	0.265305	0.435198	0.468188	0.084672	0.037023	0.121696	0	1	1	1
29	0.265305	0.435198	0.468188	0.084672	0.037023	0.121696	0	1	1	1
30	0.265305	0.435198	0.468188	0.084672	0.037023	0.121696	0	1	1	1
31	0.265305	0.435198	0.468188	0.084672	0.037023	0.121696	0	1	1	1
32	0.265305	0.435198	0.468188	0.084672	0.037023	0.121696	0	1	1	1
33	0.265305	0.435198	0.468188	0.084672	0.037023	0.121696	0	1	1	1
34	0.265305	0.435198	0.468188	0.084672	0.037023	0.121696	0	1	1	1
35	0.265305	0.435198	0.468188	0.084672	0.037023	0.121696	0	1	1	1
36	0.265305	0.435198	0.468188	0.084672	0.037023	0.121696	0	1	1	1
37	0.265305	0.435198	0.468188	0.084672	0.037023	0.121696	0	1	1	1
38	0.265305	0.435198	0.468188	0.084672	0.037023	0.121696	0	1	1	1
39	0.265305	0.435198	0.468188	0.084672	0.037023	0.121696	0	1	1	1
40	0.265305	0.435198	0.468188	0.084672	0.037023	0.121696	0	1	1	1
41	0.265305	0.435198	0.468188	0.084672	0.037023	0.121696	0	1	1	1
42	0.265305	0.435198	0.468188	0.084672	0.037023	0.121696	0	1	1	1
43	0.265305	0.435198	0.468188	0.084672	0.037023	0.121696	0	1	1	1
44	0.265305	0.435198	0.468188	0.084672	0.037023	0.121696	0	1	1	1
45	0.265305	0.435198	0.468188	0.084672	0.037023	0.121696	0	1	1	1
46	0.265305	0.435198	0.468188	0.084672	0.037023	0.121696	0	1	1	1
47	0.265305	0.435198	0.468188	0.084672	0.037023	0.121696	0	1	1	1
48	0.265305	0.435198	0.468188	0.084672	0.037023	0.121696	0	1	1	1
49	0.265305	0.435198	0.468188	0.084672	0.037023	0.121696	0	1	1	1
50	0.265305	0.435198	0.468188	0.084672	0.037023	0.121696	0	1	1	1
1	0.446226	0.408535	0.500219	0.077548	0.055216	0.132765	0	1	0	1
2	0.499319	0.516329	0.539844	0.076563	0.044177	0.120740	0	1	0	1
